1.	-1.	0.28141897469532146
1.	-0.95	0.2966952182926589
1.	-0.9	0.312707846602022
1.	-0.85	0.3294720287374547
1.	-0.8	0.3469920840089297
1.	-0.75	0.3652597145403561
1.	-0.7	0.38425282443503456
1.	-0.6499999999999999	0.403934975168266
1.	-0.6	0.4242554831804578
1.	-0.55	0.4451501262989809
1.	-0.5	0.4665423928432946
1.	-0.44999999999999996	0.4883451824507959
1.	-0.3999999999999999	0.5104628513892391
1.	-0.35	0.5327934872737436
1.	-0.29999999999999993	0.5552312979818963
1.	-0.25	0.5776690060311824
1.	-0.19999999999999996	0.6000001513557425
1.	-0.1499999999999999	0.6221212207809016
1.	-0.09999999999999998	0.6439335400469604
1.	-0.04999999999999993	0.6653448825972564
1.	0.	0.6862707673291407
1.	0.050000000000000044	0.7066354341620731
1.	0.10000000000000009	0.7263725009051026
1.	0.15000000000000013	0.7454253170666703
1.	0.20000000000000018	0.7637470397281922
1.	0.25	0.7813004633861534
1.	0.30000000000000004	0.7980576398975558
1.	0.3500000000000001	0.8139993266012192
1.	0.40000000000000013	0.8291143006674734
1.	0.4500000000000002	0.8433985761243834
1.	0.5	0.856854557204186
1.	0.55	0.8694901580122549
1.	0.6000000000000001	0.8813179143793631
1.	0.6500000000000001	0.8923541093990447
1.	0.7000000000000002	0.9026179298168665
1.	0.75	0.9121306663098224
1.	0.8	0.9209149669064145
1.	0.8500000000000001	0.9289941494443162
1.	0.9000000000000001	0.9363915760912647
1.	0.9500000000000002	0.9431300905852433
1.	1.	0.9492315169792078
1.	1.0500000000000003	0.9547162172765078
1.	1.1	0.9596027043801428
1.	1.15	0.9639073062107758
1.	1.2000000000000002	0.9676438766249216
1.	1.25	0.9708235488417353
1.	1.3000000000000003	0.9734545274184271
1.2	-1.	0.30542556756009004
1.2	-0.95	0.3219453643492541
1.2	-0.9	0.3392409409114006
1.2	-0.85	0.35731073186906526
1.2	-0.8	0.3761390160489222
1.2	-0.75	0.39569507732003656
1.2	-0.7	0.4159330529593613
1.2	-0.6499999999999999	0.4367924470088417
1.2	-0.6	0.45819924866758854
1.2	-0.55	0.48006756647495685
1.2	-0.5	0.502301668769728
1.2	-0.44999999999999996	0.5247983097476733
1.2	-0.3999999999999999	0.5474492178092973
1.2	-0.35	0.57014362771032
1.2	-0.29999999999999993	0.5927707488797181
1.2	-0.25	0.6152220775626709
1.2	-0.19999999999999996	0.6373934785607988
1.2	-0.1499999999999999	0.6591869817567628
1.2	-0.09999999999999998	0.6805122579872672
1.2	-0.04999999999999993	0.7012877570698848
1.2	0.	0.7214415070704517
1.2	0.050000000000000044	0.7409115876651836
1.2	0.10000000000000009	0.7596463014070792
1.2	0.15000000000000013	0.7776040747755912
1.2	0.20000000000000018	0.794753126178139
1.2	0.25	0.811070940827061
1.2	0.30000000000000004	0.8265435929746883
1.2	0.3500000000000001	0.8411649547417415
1.2	0.40000000000000013	0.8549358281297778
1.2	0.4500000000000002	0.8678630331643968
1.2	0.5	0.8799584808393968
1.2	0.55	0.8912382549444207
1.2	0.6000000000000001	0.9017217222278727
1.2	0.6500000000000001	0.9114306858872127
1.2	0.7000000000000002	0.9203885932463374
1.2	0.75	0.9286198047856918
1.2	0.8	0.9361489284977308
1.2	0.8500000000000001	0.9430002208791751
1.2	0.9000000000000001	0.9491970537399467
1.2	0.9500000000000002	0.9547614443870633
1.2	1.	0.9597136455923355
1.2	1.0500000000000003	0.9640717910298766
1.2	1.1	0.9678515915251518
1.2	1.15	0.9710660774362707
1.2	1.2000000000000002	0.9737253827476029
1.2	1.25	0.97583656694348
1.2	1.3000000000000003	0.9774034714099258
1.4	-1.	0.32660869063273734
1.4	-0.95	0.3442259736720305
1.4	-0.9	0.3626362711202981
1.4	-0.85	0.38181999106421466
1.4	-0.8	0.4017416331407006
1.4	-0.75	0.42234985727983826
1.4	-0.7	0.44357824012826874
1.4	-0.6499999999999999	0.4653466430184183
1.4	-0.6	0.4875630877220381
1.4	-0.55	0.5101260183297869
1.4	-0.5	0.5329268192379508
1.4	-0.44999999999999996	0.5558524595584484
1.4	-0.3999999999999999	0.5787881419850153
1.4	-0.35	0.6016198476491479
1.4	-0.29999999999999993	0.6242366860569958
1.4	-0.25	0.6465329791207657
1.4	-0.19999999999999996	0.6684100290290262
1.4	-0.1499999999999999	0.6897775399091968
1.4	-0.09999999999999998	0.7105546818671444
1.4	-0.04999999999999993	0.7306708022763015
1.4	0.	0.7500658026541481
1.4	0.050000000000000044	0.7686902098861932
1.4	0.10000000000000009	0.7865049779404326
1.4	0.15000000000000013	0.8034810607331767
1.4	0.20000000000000018	0.819598798769002
1.4	0.25	0.8348471619646574
1.4	0.30000000000000004	0.8492228891122277
1.4	0.3500000000000001	0.8627295611681439
1.4	0.40000000000000013	0.8753766413875553
1.4	0.4500000000000002	0.887178510629245
1.4	0.5	0.8981535212530609
1.4	0.55	0.9083230881833273
1.4	0.6000000000000001	0.9177108311179976
1.4	0.6500000000000001	0.9263417776710757
1.4	0.7000000000000002	0.9342416335409658
1.4	0.75	0.9414361226499198
1.4	0.8	0.9479503976176328
1.4	0.8500000000000001	0.953808518903268
1.4	0.9000000000000001	0.9590329994446587
1.4	0.9500000000000002	0.9636444105948884
1.4	1.	0.9676610445573786
1.4	1.0500000000000003	0.971098628290434
1.4	1.1	0.9739700839433314
1.4	1.15	0.97628533124072
1.4	1.2000000000000002	0.9780511278089749
1.4	1.25	0.9792709441906144
1.4	1.3000000000000003	0.9799448711870259
1.6	-1.	0.34539952231929105
1.6	-0.95	0.3639767359086259
1.6	-0.9	0.3833467391693902
1.6	-0.85	0.4034726106720029
1.6	-0.8	0.42430087997572974
1.6	-0.75	0.4457623859339992
1.6	-0.7	0.46777376851564995
1.6	-0.6499999999999999	0.4902394814797749
1.6	-0.6	0.5130541957547545
1.6	-0.55	0.5361054558887788
1.6	-0.5	0.5592764534826552
1.6	-0.44999999999999996	0.5824487906379393
1.6	-0.3999999999999999	0.6055051214286693
1.6	-0.35	0.6283315784036857
1.6	-0.29999999999999993	0.6508199123696882
1.6	-0.25	0.6728692955771911
1.6	-0.19999999999999996	0.6943877595682382
1.6	-0.1499999999999999	0.7152932582707181
1.6	-0.09999999999999998	0.7355143636811793
1.6	-0.04999999999999993	0.7549906151998552
1.6	0.	0.7736725541776577
1.6	0.050000000000000044	0.7915214825378556
1.6	0.10000000000000009	0.8085089886576973
1.6	0.15000000000000013	0.8246162853770644
1.6	0.20000000000000018	0.8398334044599413
1.6	0.25	0.854158289525398
1.6	0.30000000000000004	0.8675958258444311
1.6	0.3500000000000001	0.8801568408970479
1.6	0.40000000000000013	0.8918571045843466
1.6	0.4500000000000002	0.9027163528237152
1.6	0.5	0.912757353183191
1.6	0.55	0.9220050264407901
1.6	0.6000000000000001	0.9304856336268859
1.6	0.6500000000000001	0.9382260343168511
1.6	0.7000000000000002	0.9452530187327679
1.6	0.75	0.9515927135991087
1.6	0.8	0.9572700596609904
1.6	0.8500000000000001	0.9623083572785128
1.6	0.9000000000000001	0.9667288755086583
1.6	0.9500000000000002	0.9705505195194319
1.6	1.	0.9737895509933019
1.6	1.0500000000000003	0.9764593563081273
1.6	1.1	0.9785702576831102
1.6	1.15	0.9801293630917328
1.6	1.2000000000000002	0.9811404515333865
1.6	1.25	0.9816038911789896
1.6	1.3000000000000003	0.9815165889311263
1.8	-1.	0.36213895215945713
1.8	-0.95	0.38155041369657905
1.8	-0.9	0.40174182259467606
1.8	-0.85	0.422660514251669
1.8	-0.8	0.4442373714242476
1.8	-0.75	0.4663883317299684
1.8	-0.7	0.4890164489487763
1.8	-0.6499999999999999	0.512014372208203
1.8	-0.6	0.5352670988430329
1.8	-0.55	0.55865485797122
1.8	-0.5	0.5820559911107965
1.8	-0.44999999999999996	0.6053497116698628
1.8	-0.3999999999999999	0.6284186449463643
1.8	-0.35	0.6511510725023238
1.8	-0.29999999999999993	0.6734428277211849
1.8	-0.25	0.6951988115715089
1.8	-0.19999999999999996	0.7163341179468032
1.8	-0.1499999999999999	0.736774775619768
1.8	-0.09999999999999998	0.7564581283427381
1.8	-0.04999999999999993	0.7753328857347376
1.8	0.	0.7933588853497187
1.8	0.050000000000000044	0.8105066109378609
1.8	0.10000000000000009	0.8267565137468801
1.8	0.15000000000000013	0.8420981832015835
1.8	0.20000000000000018	0.8565294109249159
1.8	0.25	0.8700551883011054
1.8	0.30000000000000004	0.8826866730864603
1.8	0.3500000000000001	0.8944401553488687
1.8	0.40000000000000013	0.905336047609672
1.8	0.4500000000000002	0.9153979187519414
1.8	0.5	0.9246515862609669
1.8	0.55	0.933124276827768
1.8	0.6000000000000001	0.9408438613723857
1.8	0.6500000000000001	0.9478381671795878
1.8	0.7000000000000002	0.9541343670978958
1.8	0.75	0.959758443614929
1.8	0.8	0.9647347240508641
1.8	0.8500000000000001	0.9690854820539956
1.8	0.9000000000000001	0.9728305999803157
1.8	0.9500000000000002	0.9759872865287113
1.8	1.	0.9785698441260096
1.8	1.0500000000000003	0.9805894809531895
1.8	1.1	0.9820541631240797
1.8	1.15	0.9829685033243931
1.8	1.2000000000000002	0.9833336831521591
1.8	1.25	0.9831474074342005
1.8	1.3000000000000003	0.9824038898961392
2.	-1.	0.3771051960652993
2.	-0.95	0.39723878906731475
2.	-0.9	0.4181309122805979
2.	-0.85	0.43971503637325926
2.	-0.8	0.46190873729400117
2.	-0.75	0.48461572129124836
2.	-0.7	0.5077283150177311
2.	-0.6499999999999999	0.5311302711765321
2.	-0.6	0.5546997397183803
2.	-0.55	0.5783122628672724
2.	-0.5	0.6018436673812873
2.	-0.44999999999999996	0.6251727474410361
2.	-0.3999999999999999	0.6481836544189061
2.	-0.35	0.6707679336942362
2.	-0.29999999999999993	0.6928261720774249
2.	-0.25	0.7142692410418255
2.	-0.19999999999999996	0.7350191399272078
2.	-0.1499999999999999	0.7550094589994079
2.	-0.09999999999999998	0.7741854944576906
2.	-0.04999999999999993	0.792504056166669
2.	0.	0.8099330142507281
2.	0.050000000000000044	0.8264506330765276
2.	0.10000000000000009	0.8420447410078664
2.	0.15000000000000013	0.8567117821441794
2.	0.20000000000000018	0.870455792550392
2.	0.25	0.8832873387323198
2.	0.30000000000000004	0.895222450740134
2.	0.3500000000000001	0.9062815766659484
2.	0.40000000000000013	0.9164885797421893
2.	0.4500000000000002	0.9258697939816596
2.	0.5	0.9344531494949374
2.	0.55	0.9422673743883039
2.	0.6000000000000001	0.9493412765413817
2.	0.6500000000000001	0.95570310560887
2.	0.7000000000000002	0.9613799932682926
2.	0.75	0.9663974680093421
2.	0.8	0.9707790395772933
2.	0.8500000000000001	0.9745458474806274
2.	0.9000000000000001	0.9777163676877707
2.	0.9500000000000002	0.9803061717042171
2.	1.	0.9823277325795888
2.	1.0500000000000003	0.9837902729886472
2.	1.1	0.9846996513108155
2.	1.15	0.9850582825570515
2.	1.2000000000000002	0.9848650920233324
2.	1.25	0.9841155006519754
2.	1.3000000000000003	0.9828014422287915
2.2	-1.	0.3905302209468751
2.2	-0.95	0.41128757334872285
2.2	-0.9	0.4327765574791469
2.2	-0.85	0.45491865006418103
2.2	-0.8	0.47762026282867126
2.2	-0.75	0.5007751721925295
2.2	-0.7	0.5242673253665034
2.2	-0.6499999999999999	0.5479738664014048
2.2	-0.6	0.5717682317853511
2.2	-0.55	0.5955231789555745
2.2	-0.5	0.6191136305354764
2.2	-0.44999999999999996	0.6424192401379295
2.2	-0.3999999999999999	0.6653266102376937
2.2	-0.35	0.6877311171913069
2.2	-0.29999999999999993	0.7095383215766694
2.2	-0.25	0.7306649625862648
2.2	-0.19999999999999996	0.7510395525418716
2.2	-0.1499999999999999	0.7706026013389404
2.2	-0.09999999999999998	0.789306510689646
2.2	-0.04999999999999993	0.8071151845685721
2.2	0.	0.8240034055948117
2.2	0.050000000000000044	0.8399560276499388
2.2	0.10000000000000009	0.8549670333382372
2.2	0.15000000000000013	0.8690385014655579
2.2	0.20000000000000018	0.8821795250565957
2.2	0.25	0.8944051150095478
2.2	0.30000000000000004	0.9057351187103737
2.2	0.3500000000000001	0.9161931771288987
2.2	0.40000000000000013	0.9258057383619928
2.2	0.4500000000000002	0.9346011404675607
2.2	0.5	0.9426087718771836
2.2	0.55	0.9498583137603192
2.2	0.6000000000000001	0.9563790654672742
2.2	0.6500000000000001	0.9621993515955771
2.2	0.7000000000000002	0.9673460072697899
2.2	0.75	0.971843936849145
2.2	0.8	0.9757157404151332
2.2	0.8500000000000001	0.9789814019786353
2.2	0.9000000000000001	0.9816580333125157
2.2	0.9500000000000002	0.9837596675982253
2.2	1.	0.9852970976143269
2.2	1.0500000000000003	0.9862777539367826
2.2	1.1	0.9867056195193469
2.2	1.15	0.9865811780365058
2.2	1.2000000000000002	0.9859013944671463
2.2	1.25	0.9846597275399133
2.2	1.3000000000000003	0.9828461748265381
2.4000000000000004	-1.	0.40261006131392
2.4000000000000004	-0.95	0.42390578711394195
2.4000000000000004	-0.9	0.4459030247350989
2.4000000000000004	-0.85	0.46851298363730803
2.4000000000000004	-0.8	0.49163278347017625
2.4000000000000004	-0.75	0.5151481958685143
2.4000000000000004	-0.7	0.5389366785954935
2.4000000000000004	-0.6499999999999999	0.5628705432698553
2.4000000000000004	-0.6	0.5868201092231973
2.4000000000000004	-0.55	0.610656714056687
2.4000000000000004	-0.5	0.6342554740361849
2.4000000000000004	-0.44999999999999996	0.6574977124858409
2.4000000000000004	-0.3999999999999999	0.6802729999336431
2.4000000000000004	-0.35	0.7024807743439178
2.4000000000000004	-0.29999999999999993	0.7240315321179219
2.4000000000000004	-0.25	0.7448475997935586
2.4000000000000004	-0.19999999999999996	0.7648635120213209
2.4000000000000004	-0.1499999999999999	0.7840260332437173
2.4000000000000004	-0.09999999999999998	0.8022938686281409
2.4000000000000004	-0.04999999999999993	0.8196371144705406
2.4000000000000004	0.	0.836036499915898
2.4000000000000004	0.050000000000000044	0.8514824709310532
2.4000000000000004	0.10000000000000009	0.8659741645571283
2.4000000000000004	0.15000000000000013	0.8795183170955225
2.4000000000000004	0.20000000000000018	0.8921281445438115
2.4000000000000004	0.25	0.9038222277406759
2.4000000000000004	0.30000000000000004	0.9146234286754275
2.4000000000000004	0.3500000000000001	0.9245578585706353
2.4000000000000004	0.40000000000000013	0.9336539128791024
2.4000000000000004	0.4500000000000002	0.9419413834125546
2.4000000000000004	0.5	0.9494506535299887
2.4000000000000004	0.55	0.956211978710659
2.4000000000000004	0.6000000000000001	0.9622548519216984
2.4000000000000004	0.6500000000000001	0.9676074509389231
2.4000000000000004	0.7000000000000002	0.9722961631453303
2.4000000000000004	0.75	0.9763451822500222
2.4000000000000004	0.8	0.9797761707775025
2.4000000000000004	0.8500000000000001	0.9826079819981451
2.4000000000000004	0.9000000000000001	0.9848564351399763
2.4000000000000004	0.9500000000000002	0.9865341381751214
2.4000000000000004	1.	0.9876503531525943
2.4000000000000004	1.0500000000000003	0.9882108999033657
2.4000000000000004	1.1	0.9882180949291979
2.4000000000000004	1.15	0.9876707233637196
2.4000000000000004	1.2000000000000002	0.9865640430323941
2.4000000000000004	1.25	0.9848898208027123
2.4000000000000004	1.3000000000000003	0.9826364025842472
2.6	-1.	0.413511795596729
2.6	-0.95	0.43527227385022316
2.6	-0.9	0.45770252525770655
2.6	-0.85	0.4807050237730757
2.6	-0.8	0.5041691921155665
2.6	-0.75	0.5279743814320509
2.6	-0.7	0.5519930659742238
2.6	-0.6499999999999999	0.5760940947698683
2.6	-0.6	0.6001458578085722
2.6	-0.55	0.624019245534677
2.6	-0.5	0.6475903052276453
2.6	-0.44999999999999996	0.6707425241000697
2.6	-0.3999999999999999	0.693368694874397
2.6	-0.35	0.7153723437729294
2.6	-0.29999999999999993	0.7366687222128789
2.6	-0.25	0.757185381349512
2.6	-0.19999999999999996	0.7768623626142782
2.6	-0.1499999999999999	0.7956520475030895
2.6	-0.09999999999999998	0.8135187162740987
2.6	-0.04999999999999993	0.8304378682803916
2.6	0.	0.8463953568745508
2.6	0.050000000000000044	0.8613863897193667
2.6	0.10000000000000009	0.8754144414809931
2.6	0.15000000000000013	0.88849012079972
2.6	0.20000000000000018	0.9006300276167881
2.6	0.25	0.9118556308011945
2.6	0.30000000000000004	0.9221921899124379
2.6	0.3500000000000001	0.9316677391234425
2.6	0.40000000000000013	0.940312146003776
2.6	0.4500000000000002	0.9481562531556887
2.6	0.5	0.9552311066754255
2.6	0.55	0.9615672721002196
2.6	0.6000000000000001	0.9671942358871067
2.6	0.6500000000000001	0.9721398885107562
2.6	0.7000000000000002	0.9764300839075327
2.6	0.75	0.9800882691627938
2.6	0.8	0.9831351779672048
2.6	0.8500000000000001	0.9855885813817367
2.6	0.9000000000000001	0.987463089783968
2.6	0.9500000000000002	0.9887700004555454
2.6	1.	0.9895171860596598
2.6	1.0500000000000003	0.9897090201958524
2.6	1.1	0.9893463372693762
2.6	1.15	0.9884264250337573
2.6	1.2000000000000002	0.9869430493292052
2.6	1.25	0.9848865117135491
2.6	1.3000000000000003	0.9822437418406049
2.8	-1.	0.4233786133652259
2.8	-0.95	0.445540608634386
2.8	-0.9	0.4683401300066484
2.8	-0.85	0.4916722448845426
2.8	-0.8	0.5154200192622058
2.8	-0.75	0.539457676472223
2.8	-0.7	0.5636539010232542
2.8	-0.6499999999999999	0.5878751322400245
2.8	-0.6	0.611988711338641
2.8	-0.55	0.6358657692970848
2.8	-0.5	0.6593837692045744
2.8	-0.44999999999999996	0.6824286437046349
2.8	-0.3999999999999999	0.704896494015841
2.8	-0.35	0.7266948405287385
2.8	-0.29999999999999993	0.7477434352294944
2.8	-0.25	0.7679746626566413
2.8	-0.19999999999999996	0.7873335685545997
2.8	-0.1499999999999999	0.8057775639210999
2.8	-0.09999999999999998	0.8232758570423186
2.8	-0.04999999999999993	0.8398086678102374
2.8	0.	0.855366277650698
2.8	0.050000000000000044	0.869947965324031
2.8	0.10000000000000009	0.8835608742610542
2.8	0.15000000000000013	0.8962188514870145
2.8	0.20000000000000018	0.9079412920362808
2.8	0.25	0.9187520164616195
2.8	0.30000000000000004	0.9286782029115095
2.8	0.3500000000000001	0.9377493895233975
2.8	0.40000000000000013	0.9459965577257472
2.8	0.4500000000000002	0.9534513025578253
2.8	0.5	0.9601450923522563
2.8	0.55	0.9661086170831008
2.8	0.6000000000000001	0.9713712223367365
2.8	0.6500000000000001	0.9759604241601798
2.8	0.7000000000000002	0.9799014989179158
2.8	0.75	0.9832171416715673
2.8	0.8	0.9859271864102118
2.8	0.8500000000000001	0.9880483816327131
2.8	0.9000000000000001	0.9895942152489277
2.8	0.9500000000000002	0.9905747834620788
2.8	1.	0.9909966991693062
2.8	1.0500000000000003	0.9908630364217506
2.8	1.1	0.9901733085820273
2.8	1.15	0.9889234789693896
2.8	1.2000000000000002	0.9871060039610771
2.8	1.25	0.9847099096921048
2.8	1.3000000000000003	0.9817209046366879
3.	-1.	0.4323337113471041
3.	-0.95	0.45484300782037684
3.	-0.9	0.47795782680872484
3.	-0.85	0.5015669674631037
3.	-0.8	0.5255482564221032
3.	-0.75	0.5497718394161225
3.	-0.7	0.5741035553862747
3.	-0.6499999999999999	0.5984082418156623
3.	-0.6	0.6225528415742361
3.	-0.55	0.6464092071431217
3.	-0.5	0.6698565254325816
3.	-0.44999999999999996	0.692783313629165
3.	-0.3999999999999999	0.715088962053709
3.	-0.35	0.7366848227221631
3.	-0.29999999999999993	0.7574948614116473
3.	-0.25	0.7774559061456028
3.	-0.19999999999999996	0.7965175360416679
3.	-0.1499999999999999	0.8146416615895081
3.	-0.09999999999999998	0.8318018510090394
3.	-0.04999999999999993	0.8479824578772872
3.	0.	0.8631776032666196
3.	0.050000000000000044	0.8773900617930543
3.	0.10000000000000009	0.8906300957928498
3.	0.15000000000000013	0.9029142758434653
3.	0.20000000000000018	0.9142643194686849
3.	0.25	0.9247059734845
3.	0.30000000000000004	0.934267959342324
3.	0.3500000000000001	0.9429809952181989
3.	0.40000000000000013	0.9508769036215781
3.	0.4500000000000002	0.9579878090336525
3.	0.5	0.9643454265608312
3.	0.55	0.9699804397933088
3.	0.6000000000000001	0.9749219639523653
3.	0.6500000000000001	0.9791970889314178
3.	0.7000000000000002	0.9828304959176063
3.	0.75	0.9858441408438464
3.	0.8	0.9882569978912497
3.	0.8500000000000001	0.9900848565675934
3.	0.9000000000000001	0.9913401664613598
3.	0.9500000000000002	0.9920319245536685
3.	1.	0.9921656009133843
3.	1.0500000000000003	0.9917430996549125
3.	1.1	0.9907627531701263
3.	1.15	0.989219348818093
3.	1.2000000000000002	0.9871041884403592
3.	1.25	0.9844051822369078
3.	1.3000000000000003	0.9811069796573678
3.2	-1.	0.44048340932457125
3.2	-0.95	0.4632935454184614
3.2	-0.9	0.4866779390689045
3.2	-0.85	0.5105200890624121
3.2	-0.8	0.5346935106071761
3.2	-0.75	0.5590651235765779
3.2	-0.7	0.5834986676054753
3.2	-0.6499999999999999	0.6078579974683109
3.2	-0.6	0.6320101358913719
3.2	-0.55	0.6558279878743304
3.2	-0.5	0.6791926485855881
3.2	-0.44999999999999996	0.7019952641344006
3.2	-0.3999999999999999	0.7241384295748434
3.2	-0.35	0.7455371303312489
3.2	-0.29999999999999993	0.7661192512137774
3.2	-0.25	0.7858256910359939
3.2	-0.19999999999999996	0.8046101305733703
3.2	-0.1499999999999999	0.822438507471752
3.2	-0.09999999999999998	0.8392882541547002
3.2	-0.04999999999999993	0.8551473543265351
3.2	0.	0.8700132709077686
3.2	0.050000000000000044	0.8838917937653197
3.2	0.10000000000000009	0.896795849964962
3.2	0.15000000000000013	0.9087443129828238
3.2	0.20000000000000018	0.9197608407881097
3.2	0.25	0.9298727662989215
3.2	0.30000000000000004	0.9391100576765881
3.2	0.3500000000000001	0.9475043604525012
3.2	0.40000000000000013	0.9550881286877917
3.2	0.4500000000000002	0.9618938483129358
3.2	0.5	0.9679533524935611
3.2	0.55	0.9732972262949352
3.2	0.6000000000000001	0.9779542960248491
3.2	0.6500000000000001	0.98195119735203
3.2	0.7000000000000002	0.9853120155566834
3.2	0.75	0.9880579909862133
3.2	0.8	0.9902072828926842
3.2	0.8500000000000001	0.9917747852432003
3.2	0.9000000000000001	0.9927719887584284
3.2	0.9500000000000002	0.9932068842887402
3.2	1.	0.9930839036334133
3.2	1.0500000000000003	0.9924038950027371
3.2	1.1	0.9911641314789242
3.2	1.15	0.9893583520174327
3.2	1.2000000000000002	0.9869768357147854
3.2	1.25	0.9840065112236467
3.2	1.3000000000000003	0.9804311042915689
3.4000000000000004	-1.	0.4479197047022862
3.4000000000000004	-0.95	0.4709908443351948
3.4000000000000004	-0.9	0.49460602877093224
3.4000000000000004	-0.85	0.5186442761966025
3.4000000000000004	-0.8	0.542975559744752
3.4000000000000004	-0.75	0.567464264058576
3.4000000000000004	-0.7	0.5919726193628879
3.4000000000000004	-0.6499999999999999	0.6163639715993136
3.4000000000000004	-0.6	0.6405057725777733
3.4000000000000004	-0.55	0.6642722020020424
3.4000000000000004	-0.5	0.6875463615752558
3.4000000000000004	-0.44999999999999996	0.7102220084536619
3.4000000000000004	-0.3999999999999999	0.7322048197718751
3.4000000000000004	-0.35	0.75341320089454
3.4000000000000004	-0.29999999999999993	0.773778666935675
3.4000000000000004	-0.25	0.793245839749041
3.4000000000000004	-0.19999999999999996	0.8117721111400665
3.4000000000000004	-0.1499999999999999	0.8293270278069981
3.4000000000000004	-0.09999999999999998	0.8458914549658728
3.4000000000000004	-0.04999999999999993	0.8614565743170093
3.4000000000000004	0.	0.8760227685724692
3.4000000000000004	0.050000000000000044	0.8895984397759784
3.4000000000000004	0.10000000000000009	0.9021988026598603
3.4000000000000004	0.15000000000000013	0.9138446877797723
3.4000000000000004	0.20000000000000018	0.9245613825562895
3.4000000000000004	0.25	0.9343775319508267
3.4000000000000004	0.30000000000000004	0.943324114556139
3.4000000000000004	0.3500000000000001	0.9514335045520561
3.4000000000000004	0.40000000000000013	0.9587386253628352
3.4000000000000004	0.4500000000000002	0.9652721969983163
3.4000000000000004	0.5	0.9710660759645033
3.4000000000000004	0.55	0.9761506842572858
3.4000000000000004	0.6000000000000001	0.9805545222481529
3.4000000000000004	0.6500000000000001	0.9843037591629312
3.4000000000000004	0.7000000000000002	0.9874218942654167
3.4000000000000004	0.75	0.9899294817084969
3.4000000000000004	0.8	0.9918439122301957
3.4000000000000004	0.8500000000000001	0.9931792453797313
3.4000000000000004	0.9000000000000001	0.9939460866969029
3.4000000000000004	0.9500000000000002	0.9941515051809694
3.4000000000000004	1.	0.9937989874233091
3.4000000000000004	1.0500000000000003	0.9928884259039057
3.4000000000000004	1.1	0.9914161401253124
3.4000000000000004	1.15	0.9893749304504418
3.4000000000000004	1.2000000000000002	0.9867541656909233
3.4000000000000004	1.25	0.9835399066334538
3.4000000000000004	1.3000000000000003	0.9797150687594912
3.6	-1.	0.4547223978746274
3.6	-0.95	0.4780203465039657
3.6	-0.9	0.5018333657483665
3.6	-0.85	0.5260366862848083
3.6	-0.8	0.5504973769433176
3.6	-0.75	0.5750778474814487
3.6	-0.7	0.5996392851827064
3.6	-0.6499999999999999	0.6240448891323277
3.6	-0.6	0.6481627927246385
3.6	-0.55	0.6718685935562189
3.6	-0.5	0.6950474383545469
3.6	-0.44999999999999996	0.7175956373473982
3.6	-0.3999999999999999	0.7394218062762868
3.6	-0.35	0.7604475542891955
3.6	-0.29999999999999993	0.7806077517954078
3.6	-0.25	0.7998504239366515
3.6	-0.19999999999999996	0.818136322810217
3.6	-0.1499999999999999	0.8354382353516328
3.6	-0.09999999999999998	0.851740084366153
3.6	-0.04999999999999993	0.867035878181404
3.6	0.	0.8813285603860345
3.6	0.050000000000000044	0.8946288057166503
3.6	0.10000000000000009	0.9069538018908567
3.6	0.15000000000000013	0.9183260505313006
3.6	0.20000000000000018	0.9287722136659594
3.6	0.25	0.9383220259273198
3.6	0.30000000000000004	0.947007286726672
3.6	0.3500000000000001	0.9548609414950595
3.6	0.40000000000000013	0.9619162566409772
3.6	0.4500000000000002	0.9682060892068851
3.6	0.5	0.973762249297128
3.6	0.55	0.9786149511596787
3.6	0.6000000000000001	0.9827923472676497
3.6	0.6500000000000001	0.9863201387904683
3.6	0.7000000000000002	0.9892212553899827
3.6	0.75	0.9915155972407811
3.6	0.8	0.9932198324863099
3.6	0.8500000000000001	0.9943472439266756
3.6	0.9000000000000001	0.9949076195360484
3.6	0.9500000000000002	0.9949071823664065
3.6	1.	0.9943485564693595
3.6	1.0500000000000003	0.9932307666146665
3.6	1.1	0.9915492707721479
3.6	1.15	0.9892960255177666
3.6	1.2000000000000002	0.9864595856992561
3.6	1.25	0.9830252408197845
3.6	1.3000000000000003	0.9789751916386598
3.8000000000000003	-1.	0.460960875482407
3.8000000000000003	-0.95	0.48445623451003594
3.8000000000000003	-0.9	0.5084390266480787
3.8000000000000003	-0.85	0.5327812808401782
3.8000000000000003	-0.8	0.5573476906942973
3.8000000000000003	-0.75	0.5819991462173835
3.8000000000000003	-0.7	0.6065961607208054
3.8000000000000003	-0.6499999999999999	0.6310020620537418
3.8000000000000003	-0.6	0.6550858450389883
3.8000000000000003	-0.55	0.6787246110557299
3.8000000000000003	-0.5	0.701805549201992
3.8000000000000003	-0.44999999999999996	0.7242274398292978
3.8000000000000003	-0.3999999999999999	0.7459016843544884
3.8000000000000003	-0.35	0.766752884409122
3.8000000000000003	-0.29999999999999993	0.7867190082546189
3.8000000000000003	-0.25	0.80575119296267
3.8000000000000003	-0.19999999999999996	0.8238132373798642
3.8000000000000003	-0.1499999999999999	0.8408808437952434
3.8000000000000003	-0.09999999999999998	0.8569406660571646
3.8000000000000003	-0.04999999999999993	0.8719892192508724
3.8000000000000003	0.	0.8860317015664312
3.8000000000000003	0.050000000000000044	0.8990807732429199
3.8000000000000003	0.10000000000000009	0.9111553309985292
3.8000000000000003	0.15000000000000013	0.9222793095967735
3.8000000000000003	0.20000000000000018	0.9324805355260488
3.8000000000000003	0.25	0.9417896514626647
3.8000000000000003	0.30000000000000004	0.950239124450097
3.8000000000000003	0.3500000000000001	0.9578623456863329
3.8000000000000003	0.40000000000000013	0.9646928255342347
3.8000000000000003	0.4500000000000002	0.9707634838742017
3.8000000000000003	0.5	0.9761060331814229
3.8000000000000003	0.55	0.9807504496822893
3.8000000000000003	0.6000000000000001	0.984724526558998
3.8000000000000003	0.6500000000000001	0.9880535023496965
3.8000000000000003	0.7000000000000002	0.9907597573529866
3.8000000000000003	0.75	0.9928625709107839
3.8000000000000003	0.8	0.9943779328355917
3.8000000000000003	0.8500000000000001	0.9953184029019014
3.8000000000000003	0.9000000000000001	0.9956930131736762
3.8000000000000003	0.9500000000000002	0.9955072089390828
3.8000000000000003	1.	0.9947628251264787
3.8000000000000003	1.0500000000000003	0.9934580962405896
3.8000000000000003	1.1	0.991587699053956
3.8000000000000003	1.15	0.9891428284830747
3.8000000000000003	1.2000000000000002	0.9861113082438966
3.8000000000000003	1.25	0.9824777389860581
3.8000000000000003	1.3000000000000003	0.9782236876185165
4.	-1.	0.46669561388813274
4.	-0.95	0.49036306041647676
4.	-0.9	0.5144916768545158
4.	-0.85	0.5389507857660207
4.	-0.8	0.5636031450049862
4.	-0.75	0.5883084949732796
4.	-0.7	0.612926966829937
4.	-0.6499999999999999	0.6373222260196378
4.	-0.6	0.6613642539880272
4.	-0.55	0.6849317003191938
4.	-0.5	0.7079137658960294
4.	-0.44999999999999996	0.7302116035928216
4.	-0.3999999999999999	0.7517392454281637
4.	-0.35	0.7724240834178357
4.	-0.29999999999999993	0.792206945319981
4.	-0.25	0.8110418161188714
4.	-0.19999999999999996	0.8288952617477111
4.	-0.1499999999999999	0.845745613675962
4.	-0.09999999999999998	0.8615819721566385
4.	-0.04999999999999993	0.8764030827632519
4.	0.	0.8902161359649613
4.	0.050000000000000044	0.9030355334682129
4.	0.10000000000000009	0.914881658411973
4.	0.15000000000000013	0.9257796796752166
4.	0.20000000000000018	0.935758413890556
4.	0.25	0.9448492625201594
4.	0.30000000000000004	0.9530852357240029
4.	0.3500000000000001	0.9605000698506214
4.	0.40000000000000013	0.9671274412584169
4.	0.4500000000000002	0.9730002758404437
4.	0.5	0.9781501510451736
4.	0.55	0.9826067853056895
4.	0.6000000000000001	0.9863976085385285
4.	0.6500000000000001	0.9895474066707484
4.	0.7000000000000002	0.9920780329181568
4.	0.75	0.9940081786889025
4.	0.8	0.9953531974502862
4.	0.8500000000000001	0.9961249756075005
4.	0.9000000000000001	0.9963318453379709
4.	0.9500000000000002	0.9959785353590748
4.	1.	0.9950661567306924
4.	1.0500000000000003	0.9935922219735589
4.	1.1	0.9915506969857092
4.	1.15	0.9889320864306393
4.	1.2000000000000002	0.9857235544263814
4.	1.25	0.9819090834493972
4.	1.3000000000000003	0.9774696753534825
4.2	-1.	0.4719794504605252
4.2	-0.95	0.49579712711409085
4.2	-0.9	0.5200510815737854
4.2	-0.85	0.5446083493910836
4.2	-0.8	0.5693301182719602
4.2	-0.75	0.5940752804103265
4.2	-0.7	0.6187038154491312
4.2	-0.6499999999999999	0.6430798834880725
4.2	-0.6	0.6670745366539873
4.2	-0.55	0.6905679872784208
4.2	-0.5	0.7134513988892695
4.2	-0.44999999999999996	0.7356281916450428
4.2	-0.3999999999999999	0.7570148755729352
4.2	-0.35	0.7775414424779934
4.2	-0.29999999999999993	0.7971513604920798
4.2	-0.25	0.815801224045539
4.2	-0.19999999999999996	0.8334601169197052
4.2	-0.1499999999999999	0.8501087474749044
4.2	-0.09999999999999998	0.8657384137423104
4.2	-0.04999999999999993	0.8803498524462001
4.2	0.	0.8939520208049024
4.2	0.050000000000000044	0.9065608537130398
4.2	0.10000000000000009	0.9181980321411215
4.2	0.15000000000000013	0.9288897917180099
4.2	0.20000000000000018	0.9386657938223821
4.2	0.25	0.9475580753484801
4.2	0.30000000000000004	0.9556000877984202
4.2	0.3500000000000001	0.9628258315878787
4.2	0.40000000000000013	0.9692690874764441
4.2	0.4500000000000002	0.974962743847081
4.2	0.5	0.9799382161215744
4.2	0.55	0.9842249528526615
4.2	0.6000000000000001	0.9878500219022396
4.2	0.6500000000000001	0.9908377695187219
4.2	0.7000000000000002	0.9932095449811746
4.2	0.75	0.9949834837050615
4.2	0.8	0.9961743422299935
4.2	0.8500000000000001	0.9967933792688038
4.2	0.9000000000000001	0.9968482779311745
4.2	0.9500000000000002	0.9963431052950672
4.2	1.	0.9952783066418224
4.2	1.0500000000000003	0.9936507328609341
4.2	1.1	0.9914537007339835
4.2	1.15	0.988677086994807
4.2	1.2000000000000002	0.985307458206717
4.2	1.25	0.9813282395632916
4.2	1.3000000000000003	0.9767199266778407
4.4	-1.	0.4768586606269047
4.4	-0.95	0.5008076601792673
4.4	-0.9	0.5251693863857498
4.4	-0.85	0.5498089433620645
4.4	-0.8	0.5745862533415464
4.4	-0.75	0.5993596059860866
4.4	-0.7	0.6239890114155273
4.4	-0.6499999999999999	0.6483392412285698
4.4	-0.6	0.6722824713307963
4.4	-0.55	0.6957004699708831
4.4	-0.5	0.7184863022872244
4.4	-0.44999999999999996	0.740545547583
4.4	-0.3999999999999999	0.7617970466103907
4.4	-0.35	0.7821732128878659
4.4	-0.29999999999999993	0.801619954384818
4.4	-0.25	0.8200962599551156
4.4	-0.19999999999999996	0.837573509073285
4.4	-0.1499999999999999	0.8540345642510644
4.4	-0.09999999999999998	0.869472703600046
4.4	-0.04999999999999993	0.8838904469904856
4.4	0.	0.8972983237532861
4.4	0.050000000000000044	0.909713623443366
4.4	0.10000000000000009	0.9211591643213921
4.4	0.15000000000000013	0.9316621073191552
4.4	0.20000000000000018	0.9412528366527512
4.4	0.25	0.9499639221685893
4.4	0.30000000000000004	0.9578291731051892
4.4	0.3500000000000001	0.964882788317653
4.4	0.40000000000000013	0.9711586041738014
4.4	0.4500000000000002	0.9766894382803333
4.4	0.5	0.9815065248910035
4.4	0.55	0.985639036223886
4.4	0.6000000000000001	0.9891136828912751
4.4	0.6500000000000001	0.991954386144009
4.4	0.7000000000000002	0.9941820145667752
4.4	0.75	0.995814178154646
4.4	0.8	0.9968650732806168
4.4	0.8500000000000001	0.9973453728648835
4.4	0.9000000000000001	0.9972621570228569
4.4	0.9500000000000002	0.9966188805508471
4.4	1.	0.9954153747675314
4.4	1.0500000000000003	0.9936478824250042
4.4	1.1	0.9913091256095768
4.4	1.15	0.9883884077332197
4.4	1.2000000000000002	0.9848717518486669
4.4	1.25	0.9807420785677381
4.4	1.3000000000000003	0.975979427794188
4.6	-1.	0.481373871775551
4.6	-0.95	0.5054378024554727
4.6	-0.9	0.5298922022729965
4.6	-0.85	0.554600545921369
4.6	-0.8	0.5794217444964704
4.6	-0.75	0.6042136855352187
4.6	-0.7	0.6288365528553008
4.6	-0.6499999999999999	0.653155815104182
4.6	-0.6	0.6770448017910154
4.6	-0.55	0.7003868151387628
4.6	-0.5	0.7230767536914323
4.6	-0.44999999999999996	0.7450222480158922
4.6	-0.3999999999999999	0.7661443292515288
4.6	-0.35	0.786377667284558
4.6	-0.29999999999999993	0.8056704269007714
4.6	-0.25	0.8239837976172074
4.6	-0.19999999999999996	0.841291256429012
4.6	-0.1499999999999999	0.8575776229874083
4.6	-0.09999999999999998	0.8728379643662909
4.6	-0.04999999999999993	0.8870764022187276
4.6	0.	0.9003048693808177
4.6	0.050000000000000044	0.9125418564029106
4.6	0.10000000000000009	0.9238111815560465
4.6	0.15000000000000013	0.9341408109666606
4.6	0.20000000000000018	0.9435617489772856
4.6	0.25	0.9521070128360118
4.6	0.30000000000000004	0.9598107005247891
4.6	0.3500000000000001	0.9667071560231414
4.6	0.40000000000000013	0.9728302325942836
4.6	0.4500000000000002	0.9782126517570255
4.6	0.5	0.9828854534197204
4.6	0.55	0.9868775311380633
4.6	0.6000000000000001	0.9902152455320516
4.6	0.6500000000000001	0.9929221084801171
4.6	0.7000000000000002	0.995018530715038
4.6	0.75	0.9965216257979871
4.6	0.8	0.9974450640741434
4.6	0.8500000000000001	0.9977989710508778
4.6	0.9000000000000001	0.9975898656326236
4.6	0.9500000000000002	0.9968206347488698
4.6	1.	0.9954905420813447
4.6	1.0500000000000003	0.9935952697993491
4.6	1.1	0.991126993416074
4.6	1.15	0.9880744910558448
4.6	1.2000000000000002	0.9844232895382831
4.6	1.25	0.9801558507165875
4.6	1.3000000000000003	0.9752518024097203
4.800000000000001	-1.	0.48556083982382625
4.800000000000001	-0.95	0.5097254587600009
4.800000000000001	-0.9	0.5342595253015576
4.800000000000001	-0.85	0.5590251417138498
4.800000000000001	-0.8	0.5838804206171996
4.800000000000001	-0.75	0.608683010959871
4.800000000000001	-0.7	0.6332933824975865
4.800000000000001	-0.6499999999999999	0.6575777620926209
4.800000000000001	-0.6	0.6814106452378235
4.800000000000001	-0.55	0.7046768356898824
4.800000000000001	-0.5	0.7272729933636731
4.800000000000001	-0.44999999999999996	0.7491086945342126
4.800000000000001	-0.3999999999999999	0.7701070281826926
4.800000000000001	-0.35	0.7902047676699887
4.800000000000001	-0.29999999999999993	0.8093521678185965
4.800000000000001	-0.25	0.8275124441885613
4.800000000000001	-0.19999999999999996	0.8446609942954834
4.800000000000001	-0.1499999999999999	0.8607844203093514
4.800000000000001	-0.09999999999999998	0.8758794100219838
4.800000000000001	-0.04999999999999993	0.8899515282192392
4.800000000000001	0.	0.9030139646453117
4.800000000000001	0.050000000000000044	0.9150862780491639
4.800000000000001	0.10000000000000009	0.926193168820474
4.800000000000001	0.15000000000000013	0.936363305835847
4.800000000000001	0.20000000000000018	0.9456282266340631
4.800000000000001	0.25	0.9540213241285913
4.800000000000001	0.30000000000000004	0.9615769278784946
4.800000000000001	0.3500000000000001	0.9683294835424705
4.800000000000001	0.40000000000000013	0.9743128305508664
4.800000000000001	0.4500000000000002	0.9795595752234135
4.800000000000001	0.5	0.9841005544850732
4.800000000000001	0.55	0.9879643839150004
4.800000000000001	0.6000000000000001	0.9911770830279573
4.800000000000001	0.6500000000000001	0.9937617703445101
4.800000000000001	0.7000000000000002	0.9957384208768242
4.800000000000001	0.75	0.9971236790610547
4.800000000000001	0.8	0.9979307208352571
4.800000000000001	0.8500000000000001	0.9981691594318499
4.800000000000001	0.9000000000000001	0.9978449904695812
4.800000000000001	0.9500000000000002	0.9969605730493193
4.800000000000001	1.	0.995514644736358
4.800000000000001	1.0500000000000003	0.9935023695195083
4.800000000000001	1.1	0.9909154190394805
4.800000000000001	1.15	0.9877420885475461
4.800000000000001	1.2000000000000002	0.9839674501619912
4.800000000000001	1.25	0.9795735469989477
4.800000000000001	1.3000000000000003	0.9745396326343511
5.	-1.	0.4894511100465132
5.	-0.95	0.5137040139945094
5.	-0.9	0.5383065167637192
5.	-0.85	0.5631195672923105
5.	-0.8	0.5880006578101437
5.	-0.75	0.6128073321044258
5.	-0.7	0.6374004332964249
5.	-0.6499999999999999	0.6616469886173616
5.	-0.6	0.6854226589100038
5.	-0.55	0.70861370993114
5.	-0.5	0.7311184894499263
5.	-0.44999999999999996	0.7528484175283668
5.	-0.3999999999999999	0.7737285165649825
5.	-0.35	0.7936975223930332
5.	-0.29999999999999993	0.8127076279933378
5.	-0.25	0.8307239174985391
5.	-0.19999999999999996	0.847723550608374
5.	-0.1499999999999999	0.863694756888285
5.	-0.09999999999999998	0.8786356963260085
5.	-0.04999999999999993	0.8925532376104904
5.	0.	0.9054616994773655
5.	0.050000000000000044	0.9173815936682336
5.	0.10000000000000009	0.9283384010364182
5.	0.15000000000000013	0.9383614054618012
5.	0.20000000000000018	0.9474826037930741
5.	0.25	0.9557357042092414
5.	0.30000000000000004	0.9631552203073986
5.	0.3500000000000001	0.9697756639373755
5.	0.40000000000000013	0.9756308363264183
5.	0.4500000000000002	0.980753214338415
5.	0.5	0.9851734267370612
5.	0.55	0.9889198139971542
5.	0.6000000000000001	0.9920180644515484
5.	0.6500000000000001	0.9944909192868424
5.	0.7000000000000002	0.9963579390285516
5.	0.75	0.9976353246065865
5.	0.8	0.9983357867967435
5.	0.8500000000000001	0.9984684587313848
5.	0.9000000000000001	0.9980388472095206
5.	0.9500000000000002	0.9970488196685305
5.	1.	0.995496624866988
5.	1.0500000000000003	0.9933769465373552
5.	1.1	0.9906809904672672
5.	1.15	0.9873966066295773
5.	1.2000000000000002	0.9835084490745526
5.	1.25	0.9789981772890984
5.	1.3000000000000003	0.9738447035831855
5.2	-1.	0.49307258028352663
5.2	-0.95	0.5174029443842287
5.2	-0.9	0.5420641657171129
5.2	-0.85	0.5669162270381429
5.2	-0.8	0.5918161495137559
5.2	-0.75	0.6166214805470815
5.2	-0.7	0.6411935041393628
5.2	-0.6499999999999999	0.6654000752220756
5.2	-0.6	0.6891180097173512
5.2	-0.55	0.7122349912665813
5.2	-0.5	0.7346509821286503
5.2	-0.44999999999999996	0.7562791486506014
5.2	-0.3999999999999999	0.7770463303385117
5.2	-0.35	0.7968930956716042
5.2	-0.29999999999999993	0.8157734374870919
5.2	-0.25	0.8336541663422635
5.2	-0.19999999999999996	0.8505140622302123
5.2	-0.1499999999999999	0.8663428439859737
5.2	-0.09999999999999998	0.8811400123139227
5.2	-0.04999999999999993	0.8949136172325866
5.2	0.	0.9076789944653144
5.2	0.050000000000000044	0.9194575084309147
5.2	0.10000000000000009	0.9302753324520694
5.2	0.15000000000000013	0.9401622899551861
5.2	0.20000000000000018	0.9491507740498275
5.2	0.25	0.9572747571340149
5.2	0.30000000000000004	0.9645688971829662
5.2	0.3500000000000001	0.971067743198416
5.2	0.40000000000000013	0.9768050389219215
5.2	0.4500000000000002	0.9818131213177791
5.2	0.5	0.9861224084488104
5.2	0.55	0.9897609701263953
5.2	0.6000000000000001	0.9927541740321428
5.2	0.6500000000000001	0.9951243997952337
5.2	0.7000000000000002	0.9968908136895342
5.2	0.75	0.9980691971046313
5.2	0.8	0.9986718226827954
5.2	0.8500000000000001	0.9987073729363583
5.2	0.9000000000000001	0.9981808972133621
5.2	0.9500000000000002	0.997093804024254
5.2	1.	0.995443886934987
5.2	1.0500000000000003	0.9932253834428882
5.2	1.1	0.9904290674488123
5.2	1.15	0.9870423770920203
5.2	1.2000000000000002	0.9830495807959269
5.2	1.25	0.9784319853460723
5.2	1.3000000000000003	0.97316819065368
5.4	-1.	0.4964499817466504
5.4	-0.95	0.5208483385128599
5.4	-0.9	0.5455598524643873
5.4	-0.85	0.5704437003161066
5.4	-0.8	0.5953565575196892
5.4	-0.75	0.6201560636391016
5.4	-0.7	0.6447039950608453
5.4	-0.6499999999999999	0.66886905020292
5.4	-0.6	0.6925291827390829
5.4	-0.55	0.7155734473459912
5.4	-0.5	0.7379033486798151
5.4	-0.44999999999999996	0.7594337067130507
5.4	-0.3999999999999999	0.780093069647291
5.4	-0.35	0.7998237191736352
5.4	-0.29999999999999993	0.8185813219959338
5.4	-0.25	0.8363342866170133
5.4	-0.19999999999999996	0.8530628859281273
5.4	-0.1499999999999999	0.868758204748817
5.4	-0.09999999999999998	0.883420967784959
5.4	-0.04999999999999993	0.8970602981407636
5.4	0.	0.9096924501291065
5.4	0.050000000000000044	0.9213395531869086
5.4	0.10000000000000009	0.9320283966563253
5.4	0.15000000000000013	0.9417892783787584
5.4	0.20000000000000018	0.9506549337242899
5.4	0.25	0.9586595560189642
5.4	0.30000000000000004	0.9658379144373108
5.4	0.3500000000000001	0.9722245713454548
5.4	0.40000000000000013	0.9778531978044454
5.4	0.4500000000000002	0.9827559834389127
5.4	0.5	0.9869631350793895
5.4	0.55	0.9905024574209045
5.4	0.6000000000000001	0.9933990083224538
5.4	0.6500000000000001	0.9956748212153634
5.4	0.7000000000000002	0.9973486873133182
5.4	0.75	0.9984359908450792
5.4	0.8	0.9989485912973682
5.4	0.8500000000000001	0.9988947475983775
5.4	0.9000000000000001	0.9982790802428333
5.4	0.9500000000000002	0.9971025685124607
5.4	1.	0.9953625811447753
5.4	1.0500000000000003	0.993052940013252
5.4	1.1	0.9901640175767171
5.4	1.15	0.9866828700004739
5.4	1.2000000000000002	0.9825934089201788
5.4	1.25	0.9778766157776099
5.4	1.3000000000000003	0.972510803464611
5.6000000000000005	-1.	0.4996052902121226
5.6000000000000005	-0.95	0.5240633422030427
5.6000000000000005	-0.9	0.5488178285931594
5.6000000000000005	-0.85	0.5737272573271367
5.6000000000000005	-0.8	0.5986480634477693
5.6000000000000005	-0.75	0.6234380505798085
5.6000000000000005	-0.7	0.6479595261127921
5.6000000000000005	-0.6499999999999999	0.6720820387640934
5.6000000000000005	-0.6	0.6956846575468385
5.6000000000000005	-0.55	0.7186577599459221
5.6000000000000005	-0.5	0.7409043229432147
5.6000000000000005	-0.44999999999999996	0.7623407324956853
5.6000000000000005	-0.3999999999999999	0.7828971446418599
5.6000000000000005	-0.35	0.8025174444439493
5.6000000000000005	-0.29999999999999993	0.8211588576150295
5.6000000000000005	-0.25	0.8387912743105073
5.6000000000000005	-0.19999999999999996	0.8553963457121386
5.6000000000000005	-0.1499999999999999	0.8709664123211479
5.6000000000000005	-0.09999999999999998	0.8855033189523839
5.6000000000000005	-0.04999999999999993	0.8990171659194274
5.6000000000000005	0.	0.9115250394008099
5.6000000000000005	0.050000000000000044	0.9230497569925622
5.6000000000000005	0.10000000000000009	0.9336186574038083
5.6000000000000005	0.15000000000000013	0.9432624564729312
5.6000000000000005	0.20000000000000018	0.9520141854200878
5.6000000000000005	0.25	0.9599082216697852
5.6000000000000005	0.30000000000000004	0.9669794177729356
5.6000000000000005	0.3500000000000001	0.9732623299681545
5.6000000000000005	0.40000000000000013	0.9787905447378514
5.6000000000000005	0.4500000000000002	0.9835960992973395
5.6000000000000005	0.5	0.9877089902366507
5.6000000000000005	0.55	0.9911567634398925
5.6000000000000005	0.6000000000000001	0.9939641778484816
5.6000000000000005	0.6500000000000001	0.9961529355299297
5.6000000000000005	0.7000000000000002	0.9977414707788648
5.6000000000000005	0.75	0.998744791540093
5.6000000000000005	0.8	0.9991743672340525
5.6000000000000005	0.8500000000000001	0.9990380580282334
5.6000000000000005	0.9000000000000001	0.9983400816814013
5.6000000000000005	0.9500000000000002	0.9970810152488384
5.6000000000000005	1.	0.9952578301393087
5.6000000000000005	1.0500000000000003	0.9928639602258216
5.6000000000000005	1.1	0.9898894039010758
5.6000000000000005	1.15	0.986320862107012
5.6000000000000005	1.2000000000000002	0.9821419154238414
5.6000000000000005	1.25	0.9773332442445596
5.6000000000000005	1.3000000000000003	0.9718728968486778
5.800000000000001	-1.	0.5025580783415078
5.800000000000001	-0.95	0.5270685390648219
5.800000000000001	-0.9	0.5518596266967492
5.800000000000001	-0.85	0.5767892982693332
5.800000000000001	-0.8	0.6017138369276969
5.800000000000001	-0.75	0.6264912685337809
5.800000000000001	-0.7	0.6509844597135056
5.800000000000001	-0.6499999999999999	0.6750638093468474
5.800000000000001	-0.6	0.6986094757992717
5.800000000000001	-0.55	0.7215131107473788
5.800000000000001	-0.5	0.7436790959302285
5.800000000000001	-0.44999999999999996	0.765025300676207
5.800000000000001	-0.3999999999999999	0.7854833951401013
5.800000000000001	-0.35	0.8049987667257432
5.800000000000001	-0.29999999999999993	0.8235300953455563
5.800000000000001	-0.25	0.8410486473793028
5.800000000000001	-0.19999999999999996	0.8575373489864632
5.800000000000001	-0.1499999999999999	0.8729896974261738
5.800000000000001	-0.09999999999999998	0.8874085648965667
5.800000000000001	-0.04999999999999993	0.9008049437515006
5.800000000000001	0.	0.913196675363913
5.800000000000001	0.050000000000000044	0.9246071978813478
5.800000000000001	0.10000000000000009	0.9350643410758371
5.800000000000001	0.15000000000000013	0.944599189749602
5.800000000000001	0.20000000000000018	0.9532450309567457
5.800000000000001	0.25	0.9610363947975669
5.800000000000001	0.30000000000000004	0.9680081938218016
5.800000000000001	0.3500000000000001	0.9741949621763144
5.800000000000001	0.40000000000000013	0.979630192533966
5.800000000000001	0.4500000000000002	0.9843457665033816
5.800000000000001	0.5	0.9883714725742317
5.800000000000001	0.55	0.9917346046222506
5.800000000000001	0.6000000000000001	0.9944596334946582
5.800000000000001	0.6500000000000001	0.9965679441388539
5.800000000000001	0.7000000000000002	0.9980776310395706
5.800000000000001	0.75	0.999003345322846
5.800000000000001	0.8	0.9993561876991672
5.800000000000001	0.8500000000000001	0.9991436423972079
5.800000000000001	0.9000000000000001	0.9983695483359544
5.800000000000001	0.9500000000000002	0.9970341049497533
5.800000000000001	1.	0.9951339112881914
5.800000000000001	1.0500000000000003	0.9926620382215703
5.800000000000001	1.1	0.9896081347686881
5.800000000000001	1.15	0.9859585706936843
5.800000000000001	1.2000000000000002	0.9816966185630778
5.800000000000001	1.25	0.9768026793790497
5.800000000000001	1.3000000000000003	0.9712545566715728
6.	-1.	0.5053258181557395
6.	-0.95	0.5298822766482055
6.	-0.9	0.5547044107798922
6.	-0.85	0.5796497280104578
6.	-0.8	0.6045744339922979
6.	-0.75	0.6293368236632738
6.	-0.7	0.6538003427486049
6.	-0.6499999999999999	0.6778362347998812
6.	-0.6	0.7013257191284686
6.	-0.55	0.7241616733106937
6.	-0.5	0.7462498190674629
6.	-0.44999999999999996	0.7675094314121226
6.	-0.3999999999999999	0.7878736075839726
6.	-0.35	0.8072891443642853
6.	-0.29999999999999993	0.825716080114859
6.	-0.25	0.8431269617031951
6.	-0.19999999999999996	0.85950589694459
6.	-0.1499999999999999	0.874847450928717
6.	-0.09999999999999998	0.8891554402615832
6.	-0.04999999999999993	0.9024416734671501
6.	0.	0.9147246791273121
6.	0.050000000000000044	0.9260284562873046
6.	0.10000000000000009	0.9363812746198621
6.	0.15000000000000013	0.9458145451416121
6.	0.20000000000000018	0.9543617761342253
6.	0.25	0.9620576234942847
6.	0.30000000000000004	0.968937040097196
6.	0.3500000000000001	0.9750345249415595
6.	0.40000000000000013	0.9803834698233175
6.	0.4500000000000002	0.9850155990258882
6.	0.5	0.9889604959363965
6.	0.55	0.9922452095253278
6.	0.6000000000000001	0.9948939331764592
6.	0.6500000000000001	0.9969277483363593
6.	0.7000000000000002	0.99836442579078
6.	0.75	0.9992182779946911
6.	0.8	0.9995000567178381
6.	0.8500000000000001	0.9992168912617309
6.	0.9000000000000001	0.998372263609876
6.	0.9500000000000002	0.9969660180473126
6.	1.	0.9949944039929631
6.	1.0500000000000003	0.9924501519984912
6.	1.1	0.9893225840470006
6.	1.15	0.9855977604078812
6.	1.2000000000000002	0.9812586663376505
6.	1.25	0.9762854428252847
6.	1.3000000000000003	0.9706556663279008
6.2	-1.	0.5079241412451094
6.2	-0.95	0.5325209465458212
6.2	-0.9	0.5573692765695463
6.2	-0.85	0.5823262764581565
6.2	-0.8	0.607248136900505
6.2	-0.75	0.6319934593664986
6.2	-0.7	0.6564262817975517
6.2	-0.6499999999999999	0.6804186828324347
6.2	-0.6	0.7038529127854125
6.2	-0.55	0.7266230276737013
6.2	-0.5	0.7486360273708564
6.2	-0.44999999999999996	0.7698125196432245
6.2	-0.3999999999999999	0.7900869480135118
6.2	-0.35	0.8094074330421349
6.2	-0.29999999999999993	0.8277352839570286
6.2	-0.25	0.8450442410296761
6.2	-0.19999999999999996	0.8613195092616414
6.2	-0.1499999999999999	0.8765566414465987
6.2	-0.09999999999999998	0.8907603241600106
6.2	-0.04999999999999993	0.9039431143258294
6.2	0.	0.9161241672792452
6.2	0.050000000000000044	0.927327990171901
6.2	0.10000000000000009	0.9375832475472036
6.2	0.15000000000000013	0.946921639254407
6.2	0.20000000000000018	0.9553768647906112
6.2	0.25	0.9629836828019023
6.2	0.30000000000000004	0.9697770699147392
6.2	0.3500000000000001	0.9757914793273348
6.2	0.40000000000000013	0.9810601966500403
6.2	0.4500000000000002	0.9856147882895764
6.2	0.5	0.9894846361595315
6.2	0.55	0.9926965515816475
6.2	0.6000000000000001	0.9952744608380732
6.2	0.6500000000000001	0.9972391548566187
6.2	0.7000000000000002	0.998608095880305
6.2	0.75	0.9993952746158884
6.2	0.8	0.9996111122102194
6.2	0.8500000000000001	0.9992624024110924
6.2	0.9000000000000001	0.9983522903829893
6.2	0.9500000000000002	0.9968802858285264
6.2	1.	0.9948423092751926
6.2	1.0500000000000003	0.992230771595274
6.2	1.1	0.9890346880026412
6.2	1.15	0.9852398288849885
6.2	1.2000000000000002	0.980828910852915
6.2	1.25	0.9757818322807431
6.2	1.3000000000000003	0.9700759583428596
6.4	-1.	0.5103670630902619
6.4	-0.95	0.5349992254553583
6.4	-0.9	0.559869509455315
6.4	-0.85	0.5848347731293738
6.4	-0.8	0.609751244712608
6.4	-0.75	0.6344778618864275
6.4	-0.7	0.658879262493499
6.4	-0.6499999999999999	0.6828283475793667
6.4	-0.6	0.7062083676544817
6.4	-0.55	0.7289145109062954
6.4	-0.5	0.7508549965336578
6.4	-0.44999999999999996	0.7719516966630212
6.4	-0.3999999999999999	0.7921403260786557
6.4	-0.35	0.8113702502394609
6.4	-0.29999999999999993	0.8296039690190691
6.4	-0.25	0.8468163367429625
6.4	-0.19999999999999996	0.8629935789873192
6.4	-0.1499999999999999	0.8781321638896468
6.4	-0.09999999999999998	0.8922375810506065
6.4	-0.04999999999999993	0.9053230751009222
6.4	0.	0.9174083742220169
6.4	0.050000000000000044	0.9285184468219617
6.4	0.10000000000000009	0.9386823125685722
6.4	0.15000000000000013	0.9479319273639253
6.4	0.20000000000000018	0.9563011558248644
6.4	0.25	0.9638248395450887
6.4	0.30000000000000004	0.9705379649281671
6.4	0.3500000000000001	0.976474930714123
6.4	0.40000000000000013	0.981668912450954
6.4	0.4500000000000002	0.9861513190354101
6.4	0.5	0.9899513349920075
6.4	0.55	0.9930955412931513
6.4	0.6000000000000001	0.9956076071614388
6.4	0.6500000000000001	0.9975080453530693
6.4	0.7000000000000002	0.9988140238187291
6.4	0.75	0.9995392273044632
6.4	0.8	0.9996937633254452
6.4	0.8500000000000001	0.9992841079659578
6.4	0.9000000000000001	0.998313088079982
6.4	0.9500000000000002	0.9967798976517884
6.4	1.	0.9946801472858897
6.4	1.0500000000000003	0.9920059470020939
6.4	1.1	0.9887460236828214
6.4	1.15	0.9848858756271561
6.4	1.2000000000000002	0.9804079676782008
6.4	1.25	0.9752919712699725
6.4	1.3000000000000003	0.9695150544503083
6.6000000000000005	-1.	0.5126671768558337
6.6000000000000005	-0.95	0.5373302830906793
6.6000000000000005	-0.9	0.5622188065321828
6.6000000000000005	-0.85	0.5871893830189923
6.6000000000000005	-0.8	0.6120983223711807
6.6000000000000005	-0.75	0.6368049217080181
6.6000000000000005	-0.7	0.6611744220918835
6.6000000000000005	-0.6499999999999999	0.685080531988836
6.6000000000000005	-0.6	0.7084074709460382
6.6000000000000005	-0.55	0.7310515144786195
6.6000000000000005	-0.5	0.7529220452726574
6.6000000000000005	-0.44999999999999996	0.7739421357216251
6.6000000000000005	-0.3999999999999999	0.7940487021939241
6.6000000000000005	-0.35	0.8131922822879942
6.6000000000000005	-0.29999999999999993	0.8313364929440675
6.6000000000000005	-0.25	0.8484572301133357
6.6000000000000005	-0.19999999999999996	0.8645416703228564
6.6000000000000005	-0.1499999999999999	0.8795871315628917
6.6000000000000005	-0.09999999999999998	0.8935998461115203
6.6000000000000005	-0.04999999999999993	0.9065936918138828
6.6000000000000005	0.	0.9185889215032151
6.6000000000000005	0.050000000000000044	0.9296109231544903
6.6000000000000005	0.10000000000000009	0.9396890363822902
6.6000000000000005	0.15000000000000013	0.9488554443208435
6.6000000000000005	0.20000000000000018	0.9571441539613231
6.6000000000000005	0.25	0.9645900727998168
6.6000000000000005	0.30000000000000004	0.9712281852332519
6.6000000000000005	0.3500000000000001	0.977092828543702
6.6000000000000005	0.40000000000000013	0.9822170655071275
6.6000000000000005	0.4500000000000002	0.9866321485968774
6.6000000000000005	0.5	0.990367069350757
6.6000000000000005	0.55	0.9934481856523814
6.6000000000000005	0.6000000000000001	0.995898919355269
6.6000000000000005	0.6500000000000001	0.997739516768332
6.6000000000000005	0.7000000000000002	0.9989868649457391
6.6000000000000005	0.75	0.9996543574100287
6.6000000000000005	0.8	0.9997518038233512
6.6000000000000005	0.8500000000000001	0.9992853791523983
6.6000000000000005	0.9000000000000001	0.9982576090010152
6.6000000000000005	0.9500000000000002	0.9966673889731086
6.6000000000000005	1.	0.9945100371387785
6.6000000000000005	1.0500000000000003	0.9917773798814936
6.6000000000000005	1.1	0.9884578725707099
6.6000000000000005	1.15	0.9845367576045462
6.6000000000000005	1.2000000000000002	0.9799962633686187
6.6000000000000005	1.25	0.9748158485233329
6.6000000000000005	1.3000000000000003	0.9689724967252381
6.800000000000001	-1.	0.5148358211720131
6.800000000000001	-0.95	0.5395259618930465
6.800000000000001	-0.9	0.5644294681742273
6.800000000000001	-0.85	0.589402809701908
6.800000000000001	-0.8	0.6143024147447517
6.800000000000001	-0.75	0.6389879577261294
6.800000000000001	-0.7	0.6633252827460455
6.800000000000001	-0.6499999999999999	0.6871888890248824
6.800000000000001	-0.6	0.7104639340196419
6.800000000000001	-0.55	0.7330477373129227
6.800000000000001	-0.5	0.7548507921695518
6.800000000000001	-0.44999999999999996	0.775797311206866
6.800000000000001	-0.3999999999999999	0.7958253476322572
6.800000000000001	-0.35	0.8148865440017998
6.800000000000001	-0.29999999999999993	0.8329455667381839
6.800000000000001	-0.25	0.8499792871937242
6.800000000000001	-0.19999999999999996	0.8659757694490511
6.800000000000001	-0.1499999999999999	0.8809331219457659
6.800000000000001	-0.09999999999999998	0.8948582651124158
6.800000000000001	-0.04999999999999993	0.9077656609647067
6.800000000000001	0.	0.9196760437921806
6.800000000000001	0.050000000000000044	0.930615183943306
6.800000000000001	0.10000000000000009	0.9406127097647093
6.800000000000001	0.15000000000000013	0.9497010062194841
6.800000000000001	0.20000000000000018	0.9579142028032425
6.800000000000001	0.25	0.9652872582190247
6.800000000000001	0.30000000000000004	0.9718551449227546
6.800000000000001	0.3500000000000001	0.977652133120775
6.800000000000001	0.40000000000000013	0.9827111710589376
6.800000000000001	0.4500000000000002	0.9870633564344982
6.800000000000001	0.5	0.9907374924116383
6.800000000000001	0.55	0.9937597209468134
6.800000000000001	0.6000000000000001	0.9961532258450108
6.800000000000001	0.6500000000000001	0.997937998088523
6.800000000000001	0.7000000000000002	0.9991306564277144
6.800000000000001	0.75	0.9997443169284944
6.800000000000001	0.8	0.9997885060700601
6.800000000000001	0.8500000000000001	0.9992691130275236
6.800000000000001	0.9000000000000001	0.9981883779085283
6.800000000000001	0.9500000000000002	0.9965449139040149
6.800000000000001	1.	0.9943337625250189
6.800000000000001	1.0500000000000003	0.9915464822991868
6.800000000000001	1.1	0.9881712724635487
6.800000000000001	1.15	0.9841931342823508
6.800000000000001	1.2000000000000002	0.9795940736110353
6.800000000000001	1.25	0.9743533491803285
6.800000000000001	1.3000000000000003	0.9684477717507144
7.	-1.	0.5168832257095459
7.	-0.95	0.5415969327093593
7.	-0.9	0.5665125636958622
7.	-0.85	0.5914864706349949
7.	-0.8	0.6163752310189266
7.	-0.75	0.6410389099869317
7.	-0.7	0.6653439516987714
7.	-0.6499999999999999	0.6891656282788756
7.	-0.6	0.7123900042881731
7.	-0.55	0.7349154017890511
7.	-0.5	0.7566533745550652
7.	-0.44999999999999996	0.7775292191829524
7.	-0.3999999999999999	0.797482065519358
7.	-0.35	0.8164645989774475
7.	-0.29999999999999993	0.8344424732948634
7.	-0.25	0.8513934745692716
7.	-0.19999999999999996	0.8673064965962456
7.	-0.1499999999999999	0.8821803842780912
7.	-0.09999999999999998	0.8960226968166378
7.	-0.04999999999999993	0.9088484361547845
7.	0.	0.920678779229331
7.	0.050000000000000044	0.9315398454983103
7.	0.10000000000000009	0.9414615242738872
7.	0.15000000000000013	0.950476379903898
7.	0.20000000000000018	0.9586186469943122
7.	0.25	0.9659233227684203
7.	0.30000000000000004	0.9724253593731068
7.	0.3500000000000001	0.9781589554751479
7.	0.40000000000000013	0.9831569438077369
7.	0.4500000000000002	0.9874502693726169
7.	0.5	0.9910675517006156
7.	0.55	0.994034723839975
7.	0.6000000000000001	0.9963747404898701
7.	0.6500000000000001	0.9981073478461904
7.	0.7000000000000002	0.9992489081960221
7.	0.75	0.9998122730193703
7.	0.8	0.9998066992685344
7.	0.8500000000000001	0.9992378045448614
7.	0.9000000000000001	0.998107558032703
7.	0.9500000000000002	0.996414305243987
7.	1.	0.9941528258388371
7.	1.0500000000000003	0.9913144249868434
7.	1.1	0.9878870598921768
7.	1.15	0.9838555041914716
7.	1.2000000000000002	0.9792015539148363
7.	1.25	0.9739042795423708
7.	1.3000000000000003	0.9679403293476193
7.2	-1.	0.5188186377604465
7.2	-0.95	0.5435528299485579
7.2	-0.9	0.5684780749316366
7.2	-0.85	0.5934506488217439
7.2	-0.8	0.6183273039348082
7.2	-0.75	0.6429685058349278
7.2	-0.7	0.6672412935429222
7.2	-0.6499999999999999	0.6910216934454164
7.2	-0.6	0.7141966469349751
7.2	-0.55	0.7366654386817937
7.2	-0.5	0.7583406356250718
7.2	-0.44999999999999996	0.7791485656484158
7.2	-0.3999999999999999	0.7990293792236933
7.2	-0.35	0.8179367471517105
7.2	-0.29999999999999993	0.8358372532171551
7.2	-0.25	0.8527095426139364
7.2	-0.19999999999999996	0.8685432859864589
7.2	-0.1499999999999999	0.8833380155253744
7.2	-0.09999999999999998	0.8971018843958557
7.2	-0.04999999999999993	0.9098503944651993
7.2	0.	0.9216051303685365
7.2	0.050000000000000044	0.9323925308535983
7.2	0.10000000000000009	0.942242721440761
7.2	0.15000000000000013	0.9511884259885619
7.2	0.20000000000000018	0.9592639689573466
7.2	0.25	0.9665043751262047
7.2	0.30000000000000004	0.9729445692945888
7.2	0.3500000000000001	0.9786186750910365
7.2	0.40000000000000013	0.9835594093849699
7.2	0.4500000000000002	0.9877975668936176
7.2	0.5	0.9913615883172898
7.2	0.55	0.9942772046412366
7.2	0.6000000000000001	0.9965671500229213
7.2	0.6500000000000001	0.9982509358576186
7.2	0.7000000000000002	0.9993446791062259
7.2	0.75	0.9998609787064656
7.2	0.8	0.9998088348115823
7.2	0.8500000000000001	0.9991936066586065
7.2	0.9000000000000001	0.998017006012174
7.2	0.9500000000000002	0.9962771243267676
7.2	1.	0.9939684929806453
7.2	1.0500000000000003	0.9910821771337398
7.2	1.1	0.9876059049131696
7.2	1.15	0.9835242347114879
7.2	1.2000000000000002	0.9788187643538192
7.2	1.25	0.9734683867197327
7.2	1.3000000000000003	0.9674495970504676
7.4	-1.	0.5206504325398533
7.4	-0.95	0.5454023691791726
7.4	-0.9	0.5703350209590842
7.4	-0.85	0.5953046243343665
7.4	-0.8	0.6201681276404711
7.4	-0.75	0.6447864034980381
7.4	-0.7	0.6690270788386938
7.4	-0.6499999999999999	0.6927669151879194
7.4	-0.6	0.7158937011856771
7.4	-0.55	0.7383076459618154
7.4	-0.5	0.7599222848814701
7.4	-0.44999999999999996	0.7806649277365154
7.4	-0.3999999999999999	0.800476693462519
7.4	-0.35	0.8193121850018088
7.4	-0.29999999999999993	0.8371388633553192
7.4	-0.25	0.8539361816729183
7.4	-0.19999999999999996	0.8696945390383265
7.4	-0.1499999999999999	0.8844141100585903
7.4	-0.09999999999999998	0.8981036011122575
7.4	-0.04999999999999993	0.910778977744311
7.4	0.	0.9224622007449803
7.4	0.050000000000000044	0.9331800013586786
7.4	0.10000000000000009	0.9429627191905252
7.4	0.15000000000000013	0.9518432199743815
7.4	0.20000000000000018	0.9598559046203614
7.4	0.25	0.96703581597958
7.4	0.30000000000000004	0.9734178455970482
7.4	0.3500000000000001	0.9790360393724158
7.4	0.40000000000000013	0.983922998473627
7.4	0.4500000000000002	0.988109369992264
7.4	0.5	0.9916234206127827
7.4	0.55	0.9944906859080085
7.4	0.6000000000000001	0.9967336876836705
7.4	0.6500000000000001	0.9983717119928001
7.4	0.7000000000000002	0.9994206409507486
7.4	0.75	0.9998928322328466
7.4	0.8	0.9997970410708239
7.4	0.8500000000000001	0.9991383806280074
7.4	0.9000000000000001	0.9979183177830329
7.4	0.9500000000000002	0.9961347025486906
7.4	1.	0.9937818305646612
7.4	1.0500000000000003	0.9908505392969646
7.4	1.1	0.9873283397269145
7.4	1.15	0.9831995863845657
7.4	1.2000000000000002	0.9784456895452998
7.4	1.25	0.9730453742263847
7.4	1.3000000000000003	0.9669749912494218
7.6000000000000005	-1.	0.5223862095077653
7.6000000000000005	-0.95	0.5471534496721285
7.6000000000000005	-0.9	0.5720915666844485
7.6000000000000005	-0.85	0.5970567886330367
7.6000000000000005	-0.8	0.6219062773151437
7.6000000000000005	-0.75	0.6465013164839524
7.6000000000000005	-0.7	0.6707101126639561
7.6000000000000005	-0.6499999999999999	0.694410143158717
7.6000000000000005	-0.6	0.7174900150684491
7.6000000000000005	-0.55	0.7398508255414701
7.6000000000000005	-0.5	0.7614070361024632
7.6000000000000005	-0.44999999999999996	0.7820868921601136
7.6000000000000005	-0.3999999999999999	0.8018324324974608
7.6000000000000005	-0.35	0.8205991428066429
7.6000000000000005	-0.29999999999999993	0.8383553124973913
7.6000000000000005	-0.25	0.8550811556023357
7.6000000000000005	-0.19999999999999996	0.8707677552371526
7.6000000000000005	-0.1499999999999999	0.8854158873995343
7.6000000000000005	-0.09999999999999998	0.8990347745493947
7.6000000000000005	-0.04999999999999993	0.9116408129971627
7.6000000000000005	0.	0.9232563111578808
7.6000000000000005	0.050000000000000044	0.9339082686472381
7.6000000000000005	0.10000000000000009	0.9436272193428723
7.6000000000000005	0.15000000000000013	0.9524461551736614
7.6000000000000005	0.20000000000000018	0.9603995417028842
7.6000000000000005	0.25	0.9675224316456739
7.6000000000000005	0.30000000000000004	0.9738496783503802
7.6000000000000005	0.3500000000000001	0.9794152479744938
7.6000000000000005	0.40000000000000013	0.984251626562531
7.6000000000000005	0.4500000000000002	0.9883893164205345
7.6000000000000005	0.5	0.9918564150051585
7.6000000000000005	0.55	0.9946782689186476
7.6000000000000005	0.6000000000000001	0.9968771954391837
7.6000000000000005	0.6500000000000001	0.9984722642361694
7.6000000000000005	0.7000000000000002	0.9994791324476348
7.6000000000000005	0.75	0.9999099270613566
7.6000000000000005	0.8	0.9997731694850014
7.6000000000000005	0.8500000000000001	0.9990737382606822
7.6000000000000005	0.9000000000000001	0.9978128670330246
7.6000000000000005	0.9500000000000002	0.9959881760784767
7.6000000000000005	1.	0.9935937369144671
7.6000000000000005	1.0500000000000003	0.9906201706995006
7.6000000000000005	1.1	0.9870547822804521
7.6000000000000005	1.15	0.982881732808895
7.6000000000000005	1.2000000000000002	0.9780822548047433
7.6000000000000005	1.25	0.9726349143503775
7.6000000000000005	1.3000000000000003	0.9665159257158029
7.800000000000001	-1.	0.5240328766604981
7.800000000000001	-0.95	0.548813244009209
7.800000000000001	-0.9	0.5737551175886395
7.800000000000001	-0.85	0.5987147441597498
7.800000000000001	-0.8	0.6235495132214969
7.800000000000001	-0.75	0.6481211216157454
7.800000000000001	-0.7	0.6722983460880367
7.800000000000001	-0.6499999999999999	0.6959593603134374
7.800000000000001	-0.6	0.7189935619361604
7.800000000000001	-0.55	0.7413029013537128
7.800000000000001	-0.5	0.7628027263256695
7.800000000000001	-0.44999999999999996	0.7834221744581564
7.800000000000001	-0.3999999999999999	0.803104159029054
7.800000000000001	-0.35	0.82180500260889
7.800000000000001	-0.29999999999999993	0.8394937778618937
7.800000000000001	-0.25	0.856151416305148
7.800000000000001	-0.19999999999999996	0.8717696442796149
7.800000000000001	-0.1499999999999999	0.886349801595275
7.800000000000001	-0.09999999999999998	0.8999015928926096
7.800000000000001	-0.04999999999999993	0.9124418153028673
7.800000000000001	0.	0.9239930990076252
7.800000000000001	0.050000000000000044	0.9345826902250733
7.800000000000001	0.10000000000000009	0.9442412993269609
7.800000000000001	0.15000000000000013	0.9530020304690139
7.800000000000001	0.20000000000000018	0.9608994034706425
7.800000000000001	0.25	0.96796847380541
7.800000000000001	0.30000000000000004	0.9742440525066156
7.800000000000001	0.3500000000000001	0.97976002454439
7.800000000000001	0.40000000000000013	0.9845487617534812
7.800000000000001	0.4500000000000002	0.9886406246219595
7.800000000000001	0.5	0.9920635461104044
7.800000000000001	0.55	0.9948426900756346
7.800000000000001	0.6000000000000001	0.9970001767374217
7.800000000000001	0.6500000000000001	0.9985548678676754
7.800000000000001	0.7000000000000002	0.9995222049245929
7.800000000000001	0.75	0.999914094131836
7.800000000000001	0.8	0.99973883345437
7.800000000000001	0.8500000000000001	0.999001077499359
7.800000000000001	0.9000000000000001	0.9977018375270521
7.800000000000001	0.9500000000000002	0.995838514956203
7.800000000000001	1.	0.9934049679599632
7.800000000000001	1.0500000000000003	0.9903916119365545
7.800000000000001	1.1	0.986785555781531
7.800000000000001	1.15	0.9825707769467553
7.800000000000001	1.2000000000000002	0.9777283392200568
7.800000000000001	1.25	0.9722366579535597
7.800000000000001	1.3000000000000003	0.9660718180725956
8.	-1.	0.5255967244485027
8.	-0.95	0.5503882765553063
8.	-0.9	0.57533240257817
8.	-0.85	0.6002853912987853
8.	-0.8	0.6251048714233779
8.	-0.75	0.6496529530832741
8.	-0.7	0.6737989730763163
8.	-0.6499999999999999	0.6974217821459973
8.	-0.6	0.7204115414819428
8.	-0.55	0.742671021585938
8.	-0.5	0.7641164187383932
8.	-0.44999999999999996	0.7846777219942279
8.	-0.3999999999999999	0.8042986767782709
8.	-0.35	0.8229363998865544
8.	-0.29999999999999993	0.8405607054049475
8.	-0.25	0.8571532022625148
8.	-0.19999999999999996	0.8727062224646627
8.	-0.1499999999999999	0.8872216351516675
8.	-0.09999999999999998	0.9007095961356311
8.	-0.04999999999999993	0.9131872760714199
8.	0.	0.9246776034240343
8.	0.050000000000000044	0.9352080513328875
8.	0.10000000000000009	0.9448094906792038
8.	0.15000000000000013	0.9535151253805471
8.	0.20000000000000018	0.9613595203368194
8.	0.25	0.9683777276285951
8.	0.30000000000000004	0.9746045125610155
8.	0.3500000000000001	0.9800736779477324
8.	0.40000000000000013	0.9848174825966158
8.	0.4500000000000002	0.9888661482297849
8.	0.5	0.9922474479647511
8.	0.55	0.9949863689173155
8.	0.6000000000000001	0.9971048413755981
8.	0.6500000000000001	0.9986215272543494
8.	0.7000000000000002	0.9995516610975899
8.	0.75	0.9999069376860463
8.	0.8	0.9996954412651586
8.	0.8500000000000001	0.998921612492415
8.	0.9000000000000001	0.9975862503611449
8.	0.9500000000000002	0.9956865475596883
8.	1.	0.9932161589342193
8.	1.0500000000000003	0.9901653039108987
8.	1.1	0.9865209048697429
8.	1.15	0.9822667645166048
8.	1.2000000000000002	0.9773837862390456
8.	1.25	0.9718502422171847
8.	1.3000000000000003	0.9656420946500385
8.2	-1.	0.5270834907303984
8.2	-0.95	0.5518844923227331
8.2	-0.9	0.5768295465902745
8.2	-0.85	0.601775004474472
8.2	-0.8	0.6265787430578879
8.2	-0.75	0.6511032845125979
8.2	-0.7	0.6752185149328924
8.2	-0.6499999999999999	0.6988039430468969
8.2	-0.6	0.7217504675344837
8.2	-0.55	0.743961647425113
8.2	-0.5	0.7653544918886952
8.2	-0.44999999999999996	0.7858598031624571
8.2	-0.3999999999999999	0.8054221192381977
8.2	-0.35	0.8239993114301726
8.2	-0.29999999999999993	0.8415618964370771
8.2	-0.25	0.8580921235423526
8.2	-0.19999999999999996	0.8735828957864361
8.2	-0.1499999999999999	0.8880365799442538
8.2	-0.09999999999999998	0.9014637545847495
8.2	-0.04999999999999993	0.9138819389559772
8.2	0.	0.9253143384395562
8.2	0.050000000000000044	0.9357886352681006
8.2	0.10000000000000009	0.9453358464339124
8.2	0.15000000000000013	0.9539892644738757
8.2	0.20000000000000018	0.9617834912612468
8.2	0.25	0.9687535701600032
8.2	0.30000000000000004	0.9749342179380551
8.2	0.3500000000000001	0.9803591546828593
8.2	0.40000000000000013	0.9850605275725814
8.2	0.4500000000000002	0.9890684226648773
8.2	0.5	0.9924104577917896
8.2	0.55	0.9951114491115269
8.2	0.6000000000000001	0.997193143778224
8.2	0.6500000000000001	0.9986740114698369
8.2	0.7000000000000002	0.9995690880863577
8.2	0.75	0.999889865729606
8.2	0.8	0.999644224043017
8.2	0.8500000000000001	0.9988363990769297
8.2	0.9000000000000001	0.9974669870066118
8.2	0.9500000000000002	0.99553298123236
8.2	1.	0.9930278425996317
8.2	1.0500000000000003	0.9899416036623799
8.2	1.1	0.9862610090449317
8.2	1.15	0.9819696950065504
8.2	1.2000000000000002	0.977048412244141
8.2	1.25	0.9714752967442787
8.2	1.3000000000000003	0.965226194072675
8.4	-1.	0.528498417965836
8.4	-0.95	0.5533073175285693
8.4	-0.9	0.578252134353738
8.4	-0.85	0.603189298887576
8.4	-0.8	0.6279769437605685
8.4	-0.75	0.6524780007438679
8.4	-0.7	0.676562894057241
8.4	-0.6499999999999999	0.7001117716370945
8.4	-0.6	0.7230162445518464
8.4	-0.55	0.7451806302889039
8.4	-0.5	0.7665227172353475
8.4	-0.44999999999999996	0.7869740848508954
8.4	-0.3999999999999999	0.8064800266657141
8.4	-0.35	0.8249991315035116
8.4	-0.29999999999999993	0.842502582624097
8.4	-0.25	0.8589732353454365
8.4	-0.19999999999999996	0.8744045317653953
8.4	-0.1499999999999999	0.8887993071106834
8.4	-0.09999999999999998	0.9021685366238058
8.4	-0.04999999999999993	0.9145300653361934
8.4	0.	0.925907356069217
8.4	0.050000000000000044	0.9363282839696844
8.4	0.10000000000000009	0.9458239991484031
8.4	0.15000000000000013	0.954427872785616
8.4	0.20000000000000018	0.9621745365572341
8.4	0.25	0.9690990205065839
8.4	0.30000000000000004	0.9752359905735853
8.4	0.3500000000000001	0.980619083884124
8.4	0.40000000000000013	0.9852803375527065
8.4	0.4500000000000002	0.9892497050956349
8.4	0.5	0.9925546535097133
8.4	0.55	0.995219833559512
8.4	0.6000000000000001	0.9972668157480791
8.4	0.6500000000000001	0.9987138847416732
8.4	0.7000000000000002	0.9995758856045314
8.4	0.75	0.9998641160078413
8.4	0.8	0.9995862595524458
8.4	0.8500000000000001	0.9987463564342064
8.4	0.9000000000000001	0.9973448088471351
8.4	0.9500000000000002	0.9953784197207967
8.4	1.	0.9928404645967354
8.4	1.0500000000000003	0.9897207976311801
8.4	1.1	0.9860059938396001
8.4	1.15	0.9816795307425229
8.4	1.2000000000000002	0.9767220134943589
8.4	1.25	0.9711114483453815
8.4	1.3000000000000003	0.9648235698505062
8.600000000000001	-1.	0.5298463036747358
8.600000000000001	-0.95	0.5546617129552298
8.600000000000001	-0.9	0.5796052664990703
8.600000000000001	-0.85	0.6045334891662948
8.600000000000001	-0.8	0.629304774599253
8.600000000000001	-0.75	0.6537824607489685
8.600000000000001	-0.7	0.6778374985147296
8.600000000000001	-0.6499999999999999	0.7013506566392147
8.600000000000001	-0.6	0.7242142344287045
8.600000000000001	-0.55	0.7463332792012294
8.600000000000001	-0.5	0.7676263267294313
8.600000000000001	-0.44999999999999996	0.7880256998793385
8.600000000000001	-0.3999999999999999	0.807477413044073
8.600000000000001	-0.35	0.8259407380230517
8.600000000000001	-0.29999999999999993	0.8433874911028152
8.600000000000001	-0.25	0.8598011018057027
8.600000000000001	-0.19999999999999996	0.8751755217131405
8.600000000000001	-0.1499999999999999	0.8895140275905232
8.600000000000001	-0.09999999999999998	0.9028279673707167
8.600000000000001	-0.04999999999999993	0.91513549096249
8.600000000000001	0.	0.926460300841654
8.600000000000001	0.050000000000000044	0.9368304503608438
8.600000000000001	0.10000000000000009	0.9462772110052753
8.600000000000001	0.15000000000000013	0.9548340236537638
8.600000000000001	0.20000000000000018	0.9625355434368182
8.600000000000001	0.25	0.9694167830996003
8.600000000000001	0.30000000000000004	0.9755123559082258
8.600000000000001	0.3500000000000001	0.98085581607146
8.600000000000001	0.40000000000000013	0.9854790923372391
8.600000000000001	0.4500000000000002	0.989412008802978
8.600000000000001	0.5	0.9926818859644033
8.600000000000001	0.55	0.9953132145408563
8.600000000000001	0.6000000000000001	0.9973273945666759
8.600000000000001	0.6500000000000001	0.9987425325496979
8.600000000000001	0.7000000000000002	0.9995732900959777
8.600000000000001	0.75	0.9998307782167454
8.600000000000001	0.8	0.9995224925146698
8.600000000000001	0.8500000000000001	0.9986522855415207
8.600000000000001	0.9000000000000001	0.9972203737857975
8.600000000000001	0.9500000000000002	0.995223377952105
8.600000000000001	1.	0.9926543964004312
8.600000000000001	1.0500000000000003	0.9895031127942884
8.600000000000001	1.1	0.9857559401303587
8.600000000000001	1.15	0.9813962043616051
8.600000000000001	1.2000000000000002	0.9764043717405763
8.600000000000001	1.25	0.9707583247687034
8.600000000000001	1.3000000000000003	0.9644336921899301
8.8	-1.	0.5311315450424219
8.8	-0.95	0.5559522210627917
8.8	-0.9	0.5808936090360521
8.8	-0.85	0.6058123410190407
8.8	-0.8	0.6305670756693645
8.8	-0.75	0.6550215529028924
8.8	-0.7	0.6790472386917868
8.8	-0.6499999999999999	0.7025255046064048
8.8	-0.6	0.7253493149799449
8.8	-0.55	0.7474244197102722
8.8	-0.5	0.7686700718520034
8.8	-0.44999999999999996	0.7890193058538215
8.8	-0.3999999999999999	0.8084188244685478
8.8	-0.35	0.8268285502102968
8.8	-0.29999999999999993	0.8442209011593209
8.8	-0.25	0.8605798514801818
8.8	-0.19999999999999996	0.8758998348461104
8.8	-0.1499999999999999	0.8901845447028033
8.8	-0.09999999999999998	0.9034456795850422
8.8	-0.04999999999999993	0.9157016750859975
8.8	0.	0.9269764570673134
8.8	0.050000000000000044	0.9372982436933162
8.8	0.10000000000000009	0.9466984171910511
8.8	0.15000000000000013	0.9552104801063775
8.8	0.20000000000000018	0.9628691054004064
8.8	0.25	0.9697092850889742
8.8	0.30000000000000004	0.9757655783011971
8.8	0.3500000000000001	0.9810714566064366
8.8	0.40000000000000013	0.9856587421830327
8.8	0.4500000000000002	0.9895571328135675
8.8	0.5	0.9927938067052189
8.8	0.55	0.9953930996698599
8.8	0.6000000000000001	0.9973762471691076
8.8	0.6500000000000001	0.9987611840561933
8.8	0.7000000000000002	0.9995623954551991
8.8	0.75	0.9997908130446047
8.8	0.8	0.9994537519979606
8.8	0.8500000000000001	0.9985548849339972
8.8	0.9000000000000001	0.997094250396389
8.8	0.9500000000000002	0.9950682945867872
8.8	1.	0.9924699462810097
8.8	1.0500000000000003	0.9892887260351374
8.8	1.1	0.98551089190999
8.8	1.15	0.9811196249748966
8.8	1.2000000000000002	0.9760952587608882
8.8	1.25	0.9704155575832624
8.8	1.3000000000000003	0.96405604919468
9.	-1.	0.532358178425317
9.	-0.95	0.5571830076658746
9.	-0.9	0.5821214370699499
9.	-0.85	0.6070302168161514
9.	-0.8	0.6317682733326985
9.	-0.75	0.6561997436418364
9.	-0.7	0.6801965971142625
9.	-0.6499999999999999	0.7036407906280499
9.	-0.6	0.7264259312538482
9.	-0.55	0.7484584455293077
9.	-0.5	0.7696582753089537
9.	-0.44999999999999996	0.7899591366528772
9.	-0.3999999999999999	0.8093083901772526
9.	-0.35	0.8276665789388683
9.	-0.29999999999999993	0.8450066936857692
9.	-0.25	0.8613132257317845
9.	-0.19999999999999996	0.8765810654346929
9.	-0.1499999999999999	0.8908142999249014
9.	-0.09999999999999998	0.9040249579640921
9.	-0.04999999999999993	0.9162317431807254
9.	0.	0.9274587899168185
9.	0.050000000000000044	0.9377344689312893
9.	0.10000000000000009	0.9470902635516183
9.	0.15000000000000013	0.9555597307698385
9.	0.20000000000000018	0.9631775563920435
9.	0.25	0.969978708750837
9.	0.30000000000000004	0.9759976917040037
9.	0.3500000000000001	0.9812678946535767
9.	0.40000000000000013	0.9858210350790987
9.	0.4500000000000002	0.9896866875199468
9.	0.5	0.9928918919821529
9.	0.55	0.9954608343031273
9.	0.6000000000000001	0.9974145909956312
9.	0.6500000000000001	0.9987709314334224
9.	0.7000000000000002	0.999544170860239
9.	0.75	0.9997450685375654
9.	0.8	0.9993807663392457
9.	0.8500000000000001	0.9984547642017809
9.	0.9000000000000001	0.9969669300106725
9.	0.9500000000000002	0.9949135427063268
9.	1.	0.9922873685966851
9.	1.0500000000000003	0.989077772040784
9.	1.1	0.9852708627837709
9.	1.15	0.9808496832512547
9.	1.2000000000000002	0.9757944400152078
9.	1.25	0.970082784382692
9.	1.3000000000000003	0.9636901475914396
9.200000000000001	-1.	0.5335299144057806
9.200000000000001	-0.95	0.5583578988724612
9.200000000000001	-0.9	0.583292673502033
9.200000000000001	-0.85	0.6081911158946054
9.200000000000001	-0.8	0.6329124219381544
9.200000000000001	-0.75	0.6573211203881608
9.200000000000001	-0.7	0.6812896723468478
9.200000000000001	-0.6499999999999999	0.7047006029629709
9.200000000000001	-0.6	0.7274481406533648
9.200000000000001	-0.55	0.7494393639012517
9.200000000000001	-0.5	0.77059487639969
9.200000000000001	-0.44999999999999996	0.7908490475724494
9.200000000000001	-0.3999999999999999	0.8101498672579398
9.200000000000001	-0.35	0.8284584708063794
9.200000000000001	-0.29999999999999993	0.8457483944393881
9.200000000000001	-0.25	0.8620046210175383
9.200000000000001	-0.19999999999999996	0.8772224739839342
9.200000000000001	-0.1499999999999999	0.8914064128500873
9.200000000000001	-0.09999999999999998	0.9045687777811882
9.200000000000001	-0.04999999999999993	0.916728524186505
9.200000000000001	0.	0.927909981210167
9.200000000000001	0.050000000000000044	0.9381416610445272
9.200000000000001	0.10000000000000009	0.9474551393620958
9.200000000000001	0.15000000000000013	0.9558840211010146
9.200000000000001	0.20000000000000018	0.9634630004906178
9.200000000000001	0.25	0.9702270196438958
9.200000000000001	0.30000000000000004	0.9762105262957955
9.200000000000001	0.3500000000000001	0.9814468283141902
9.200000000000001	0.40000000000000013	0.985967540403012
9.200000000000001	0.4500000000000002	0.989802116886504
9.200000000000001	0.5	0.9929774635303024
9.200000000000001	0.55	0.9955176209321218
9.200000000000001	0.6000000000000001	0.9974435120211848
9.200000000000001	0.6500000000000001	0.9987727465581618
9.200000000000001	0.7000000000000002	0.9995194761581467
9.200000000000001	0.75	0.9996942941994161
9.200000000000001	0.8	0.9993041759781565
9.200000000000001	0.8500000000000001	0.9983524555743953
9.200000000000001	0.9000000000000001	0.99683883706608
9.200000000000001	0.9500000000000002	0.9947594389320185
9.200000000000001	1.	0.9921068716873979
9.200000000000001	1.0500000000000003	0.9888703499696392
9.200000000000001	1.1	0.985035841405114
9.200000000000001	1.15	0.9805862556108206
9.200000000000001	1.2000000000000002	0.9755016775813418
9.200000000000001	1.25	0.9697596504441279
9.200000000000001	1.3000000000000003	0.9633355130875421
9.4	-1.	0.5346501689543716
9.4	-0.95	0.5594804138845219
9.4	-0.9	0.5844109233553988
9.4	-0.85	0.6092987102656238
9.4	-0.8	0.6340032407422405
9.4	-0.75	0.6583894294944502
9.4	-0.7	0.6823302177570726
9.4	-0.6499999999999999	0.7057086824103163
9.4	-0.6	0.728419652697712
9.4	-0.55	0.7503708355360429
9.4	-0.5	0.7714834709221036
9.4	-0.44999999999999996	0.7916925549990572
9.4	-0.3999999999999999	0.8109466799037011
9.4	-0.35	0.8292075468019192
9.4	-0.29999999999999993	0.8464492119680253
9.4	-0.25	0.8626571259368438
9.4	-0.19999999999999996	0.8778270232868967
9.4	-0.1499999999999999	0.8919637161468865
9.4	-0.09999999999999998	0.9050798386700158
9.4	-0.04999999999999993	0.9171945830535314
9.4	0.	0.9283324606724686
9.4	0.050000000000000044	0.9385221149408958
9.4	0.10000000000000009	0.9477952059141209
9.4	0.15000000000000013	0.9561853806183855
9.4	0.20000000000000018	0.9637273377835872
9.4	0.25	0.9704559911322357
9.4	0.30000000000000004	0.976405731668287
9.4	0.3500000000000001	0.98160978649159
9.4	0.40000000000000013	0.9860996694880435
9.4	0.4500000000000002	0.9899047177429781
9.4	0.5	0.9930517066152434
9.4	0.55	0.9955645360065626
9.4	0.6000000000000001	0.9974639803823901
9.4	0.6500000000000001	0.9987674954664968
9.4	0.7000000000000002	0.9994890751704296
9.4	0.75	0.9996391531672683
9.4	0.8	0.9992245445204155
9.4	0.8500000000000001	0.9982484238862878
9.4	0.9000000000000001	0.9967103379831793
9.4	0.9500000000000002	0.9946062512213357
9.4	1.	0.9919286245928095
9.4	1.0500000000000003	0.988666529089418
9.4	1.1	0.9848057960284107
9.4	1.15	0.9803292076826333
9.4	1.2000000000000002	0.975216732503799
9.4	1.25	0.9694458099503143
9.4	1.3000000000000003	0.962991690444986
9.6	-1.	0.5357220911818348
9.6	-0.95	0.5605537941769775
9.6	-0.9	0.5854795042770891
9.6	-0.85	0.6103563763097017
9.6	-0.8	0.6350441466449072
9.6	-0.75	0.6594081098510061
9.6	-0.7	0.6833216758131417
9.6	-0.6499999999999999	0.7066684571095487
9.6	-0.6	0.7293438641337505
9.6	-0.55	0.7512562098451133
9.6	-0.5	0.7723273463467738
9.6	-0.44999999999999996	0.7924928713504995
9.6	-0.3999999999999999	0.8117019539580989
9.6	-0.35	0.829916836307455
9.6	-0.29999999999999993	0.8471120709348436
9.6	-0.25	0.8632735537622007
9.6	-0.19999999999999996	0.8783974100608667
9.6	-0.1499999999999999	0.8924887862158307
9.6	-0.09999999999999998	0.905560594232627
9.6	-0.04999999999999993	0.9176322492471928
9.6	0.	0.9287284332946673
9.6	0.050000000000000044	0.9388779116540975
9.6	0.10000000000000009	0.9481124215128387
9.6	0.15000000000000013	0.9564656467004241
9.6	0.20000000000000018	0.9639722869667272
9.6	0.25	0.9706672257934681
9.6	0.30000000000000004	0.9765847970547267
9.6	0.3500000000000001	0.9817581479573319
9.6	0.40000000000000013	0.9862186935465537
9.6	0.4500000000000002	0.9899956565865439
9.6	0.5	0.9931156857368297
9.6	0.55	0.9956025445626758
9.6	0.6000000000000001	0.9974768639529854
9.6	0.6500000000000001	0.998755950897898
9.6	0.7000000000000002	0.9994536472250491
9.6	0.75	0.9995802327494558
9.6	0.8	0.999142368296273
9.6	0.8500000000000001	0.9981430751675431
9.6	0.9000000000000001	0.9965817487978011
9.6	0.9500000000000002	0.9944542055468341
9.6	1.	0.9917527627796547
9.6	1.0500000000000003	0.9884663535516738
9.6	1.1	0.9845806783248047
9.6	1.15	0.9800783971531928
9.6	1.2000000000000002	0.9749393666623956
9.6	1.25	0.9691409268624762
9.6	1.3000000000000003	0.962658243338254
9.8	-1.	0.536748588096962
9.8	-0.95	0.561581029501429
9.8	-0.9	0.5865014736917749
9.8	-0.85	0.6113672229620516
9.8	-0.8	0.636038283269787
9.8	-0.75	0.6603803227095927
9.8	-0.7	0.6842672084898299
9.8	-0.6499999999999999	0.7075830733617454
9.8	-0.6	0.7302238900042849
9.8	-0.55	0.7520985560901379
9.8	-0.5	0.7731295128862675
9.8	-0.44999999999999996	0.7932529359134047
9.8	-0.3999999999999999	0.8124185473797255
9.8	-0.35	0.8305891070605805
9.8	-0.29999999999999993	0.8477396414637522
9.8	-0.25	0.8638564710661564
9.8	-0.19999999999999996	0.878936092768866
9.8	-0.1499999999999999	0.8929839701329823
9.8	-0.09999999999999998	0.90601327804571
9.8	-0.04999999999999993	0.9180436417707356
9.8	0.	0.929099903338157
9.8	0.050000000000000044	0.9392109413066585
9.8	0.10000000000000009	0.9484085633842195
9.8	0.15000000000000013	0.9567264854311897
9.8	0.20000000000000018	0.9641994051292387
9.8	0.25	0.9708621741503018
9.8	0.30000000000000004	0.9767490690195407
9.8	0.3500000000000001	0.9818931580144007
9.8	0.40000000000000013	0.986325759324551
9.8	0.4500000000000002	0.9900759842472605
9.8	0.5	0.9931703583256706
9.8	0.55	0.995632512971378
9.8	0.6000000000000001	0.9974829401635069
9.8	0.6500000000000001	0.9987388032050426
9.8	0.7000000000000002	0.9994137971738183
9.8	0.75	0.9995180535654073
9.8	0.8	0.9990580846359087
9.8	0.8500000000000001	0.9980367640649749
9.8	0.9000000000000001	0.9964533417353081
9.8	0.9500000000000002	0.9943034916278669
9.8	1.	0.9915793930324598
9.8	1.0500000000000003	0.9882698464393653
9.8	1.1	0.9843604265821115
9.8	1.15	0.9798336761099943
9.8	1.2000000000000002	0.9746693442483731
9.8	1.25	0.968844675514391
9.8	1.3000000000000003	0.9623347540490812
10.	-1.	0.5377323467315747
10.	-0.95	0.5625648811004424
10.	-0.9	0.5874796530174992
10.	-0.85	0.6123341168222836
10.	-0.8	0.6369885468446339
10.	-0.75	0.6613089781991213
10.	-0.7	0.6851697242757047
10.	-0.6499999999999999	0.7084554229797833
10.	-0.6	0.7310625911923155
10.	-0.55	0.7529006909752876
10.	-0.5	0.7738927309938265
10.	-0.44999999999999996	0.7939754421153087
10.	-0.3999999999999999	0.8130990771640254
10.	-0.35	0.8312268916135367
10.	-0.29999999999999993	0.8483343650354577
10.	-0.25	0.8644082229666334
10.	-0.19999999999999996	0.8794453161390638
10.	-0.1499999999999999	0.8934514093808024
10.	-0.09999999999999998	0.9064399265524582
10.	-0.04999999999999993	0.9184306911788894
10.	0.	0.9294486954410899
10.	0.050000000000000044	0.939522923289322
10.	0.10000000000000009	0.9486852469162899
10.	0.15000000000000013	0.956969409899285
10.	0.20000000000000018	0.9644101051124364
10.	0.25	0.9710421510960009
10.	0.30000000000000004	0.9768997669616117
10.	0.3500000000000001	0.982015943092165
10.	0.40000000000000013	0.9864219028043523
10.	0.4500000000000002	0.9901466487161987
10.	0.5	0.993216586714942
10.	0.55	0.9956552200718745
10.	0.6000000000000001	0.9974829063140137
10.	0.6500000000000001	0.9987166698625513
10.	0.7000000000000002	0.9993700641119848
10.	0.75	0.9994530774894895
10.	0.8	0.9989720790485301
10.	0.8500000000000001	0.9979298002654272
10.	0.9000000000000001	0.9963253508842642
10.	0.9500000000000002	0.9941542678584073
10.	1.	0.9914085976362673
10.	1.0500000000000003	0.9880770132027068
10.	1.1	0.9841449683886502
10.	1.15	0.9795948929660427
10.	1.2000000000000002	0.974406432918993
10.	1.25	0.9685567409843845
10.	1.3000000000000003	0.9620208230404407