6.534197629332973989e-01
6.088211292507859085e-01
5.511081870192640064e-01
4.840556756273485250e-01
4.118498457027827131e-01
3.387078024872960391e-01
2.685093500753711337e-01
2.036231097079143071e-01
1.457996684801733389e-01
9.617210090309069592e-02
5.585688592364290717e-02
2.605525484515514023e-02
7.394755128592667148e-03
1.409464170984975340e-04
1.244426783841845463e-11
4.596323321948148077e-14
7.405187574249794125e-13
4.430678046674074722e-12
1.822986206434507039e-13
3.708588991457872908e-12
9.992007221626408864e-15
6.060485446823804523e-12
1.832090035236433323e-12
7.216449660063517513e-14
3.106404022901188000e-13
1.000000000000000078e-15
4.790834395862475503e-12
2.568167900562912109e-12
5.107025913275720086e-15
1.100897151218305225e-12
1.110223024625156540e-13
4.662936703425657470e-15
1.000000000000000078e-15
1.332267629550187849e-15
2.442490654175344389e-15
2.084998840246043983e-13
1.376676550535194110e-14
4.152234112098085461e-14
5.839773109528323403e-14
6.624922832543234108e-12
