1.763241225224557729e-01
1.502147512716832667e-01
1.182811833531902668e-01
8.422725827925625630e-02
5.200274682272254534e-02
2.534523380659226000e-02
7.346611444737138896e-03
2.653968477146495530e-04
1.754152378907747334e-14
5.475619957451272057e-13
1.287858708565181587e-14
1.998401444325281773e-15
1.000000000000000078e-15
1.000000000000000078e-15
1.000000000000000078e-15
1.009925476580519899e-11
1.525890525044815149e-12
1.110223024625156540e-14
3.909539358915026241e-12
7.682743330406083260e-14
1.000000000000000078e-15
2.065014825802791165e-14
1.000000000000000078e-15
1.000000000000000078e-15
1.000000000000000078e-15
1.000000000000000078e-15
5.773159728050814010e-15
1.000000000000000078e-15
3.552713678800500929e-15
1.000000000000000078e-15
3.108624468950438313e-15
5.329070518200751394e-15
2.753353101070388220e-14
1.776356839400250465e-15
1.000000000000000078e-15
5.329070518200751394e-15
4.662936703425657470e-15
1.998401444325281773e-15
1.000000000000000078e-15
1.096900348329654662e-13
