7.614029113354686684e-01
7.169291651965391532e-01
6.590071717222560910e-01
5.911023011860512266e-01
5.170892787042706829e-01
4.409196474388116238e-01
3.659656447686753244e-01
2.940895690335596502e-01
2.271615048644078927e-01
1.663558082685816508e-01
1.134927300841885867e-01
6.986585844441906001e-02
3.606580488315624944e-02
1.302657688287933713e-02
1.414403169972433538e-03
2.155298162165308895e-11
6.699085730588194565e-13
1.000000000000000078e-15
4.749090010136569617e-12
3.970157536059559789e-13
9.547918011776346248e-15
1.332267629550187849e-15
1.332267629550187849e-15
1.000000000000000078e-15
3.446132268436485901e-12
3.064215547965432052e-14
1.000000000000000078e-15
4.786393503763974877e-11
5.537348357620430761e-12
5.049294315995211946e-13
2.935651721713838924e-12
1.416644579421699746e-13
1.000000000000000078e-15
1.000000000000000078e-15
1.000000000000000078e-15
1.000000000000000078e-15
1.000000000000000078e-15
1.000000000000000078e-15
1.000000000000000078e-15
1.265654248072678456e-14
