1.000000000000000056e-01
1.487179487179487170e-01
1.974358974358974561e-01
2.461538461538461675e-01
2.948717948717948789e-01
3.435897435897435903e-01
3.923076923076923572e-01
4.410256410256410131e-01
4.897435897435897800e-01
5.384615384615384359e-01
5.871794871794872028e-01
6.358974358974358587e-01
6.846153846153846256e-01
7.333333333333332815e-01
7.820512820512820484e-01
8.307692307692307043e-01
8.794871794871794712e-01
9.282051282051282382e-01
9.769230769230768940e-01
1.025641025641025772e+00
1.074358974358974317e+00
1.123076923076923084e+00
1.171794871794871851e+00
1.220512820512820618e+00
1.269230769230769384e+00
1.317948717948718151e+00
1.366666666666666696e+00
1.415384615384615463e+00
1.464102564102564230e+00
1.512820512820512997e+00
1.561538461538461542e+00
1.610256410256410309e+00
1.658974358974359076e+00
1.707692307692307843e+00
1.756410256410256610e+00
1.805128205128205154e+00
1.853846153846153921e+00
1.902564102564102688e+00
1.951282051282051455e+00
2.000000000000000000e+00
