9.817477042468103487e-02
1.602853394688669997e-01
2.223959085130529645e-01
2.845064775572389015e-01
3.466170466014248941e-01
4.087276156456108311e-01
4.708381846897967682e-01
5.329487537339827607e-01
5.950593227781686423e-01
6.571698918223546348e-01
7.192804608665406274e-01
7.813910299107266200e-01
8.435015989549125015e-01
9.056121679990984941e-01
9.677227370432844866e-01
1.029833306087470479e+00
1.091943875131656361e+00
1.154054444175842242e+00
1.216165013220028346e+00
1.278275582264214449e+00
1.340386151308400109e+00
1.402496720352586212e+00
1.464607289396772316e+00
1.526717858440957976e+00
1.588828427485144079e+00
1.650938996529330183e+00
1.713049565573515842e+00
1.775160134617701946e+00
1.837270703661888049e+00
1.899381272706073709e+00
1.961491841750259812e+00
2.023602410794445916e+00
2.085712979838631576e+00
2.147823548882817679e+00
2.209934117927003783e+00
2.272044686971189886e+00
2.334155256015375546e+00
2.396265825059561649e+00
2.458376394103747753e+00
2.520486963147933412e+00
2.582597532192119516e+00
2.644708101236305620e+00
2.706818670280491279e+00
2.768929239324677383e+00
2.831039808368863486e+00
2.893150377413049146e+00
2.955260946457235249e+00
3.017371515501421353e+00
3.079482084545607012e+00
3.141592653589793116e+00
