1.760848073372600908e-01
2.244318106930894841e-01
2.637005525354212399e-01
2.975077993003261145e-01
3.275490274174062133e-01
3.547821945365680629e-01
3.798118102940017393e-01
4.030486104652380441e-01
4.247869101533620628e-01
4.452462477751507053e-01
4.645956185314172315e-01
4.829684480790213952e-01
5.004722973368811445e-01
5.171954025742897532e-01
5.332112282827853322e-01
5.485817249692344078e-01
5.633597158602429156e-01
5.775906815544858963e-01
5.913141186066390720e-01
6.045645902540490724e-01
6.173725505681920689e-01
6.297649990922270513e-01
6.417660067724991757e-01
6.533971428590232833e-01
6.646778246823639158e-01
6.756256067032635482e-01
6.862564212612914938e-01
6.965847805487044297e-01
7.066239471899795621e-01
7.163860792011079726e-01
7.258823538869466629e-01
7.351230743054536498e-01
7.441177612103325734e-01
7.528752328251890891e-01
7.614036743640107963e-01
7.697106988661257532e-01
7.778034006376364218e-01
7.856884023698532671e-01
7.933718968264770188e-01
8.008596838461284895e-01
8.081572032882763379e-01
8.152695644532949037e-01
8.222015724270603787e-01
8.289577517339017376e-01
8.355423676262314636e-01
8.419594452927652295e-01
8.482127872282297920e-01
8.543059889745551194e-01
8.602424534156819513e-01
8.660254037844385966e-01
