6.039558454093303386e-01
5.482569604578864109e-01
4.919449826871611364e-01
4.357353419311830178e-01
3.803421678573665199e-01
3.264692171246430519e-01
2.748009323281278560e-01
2.259937463241991074e-01
1.806677424124419895e-01
1.393987763297596105e-01
1.027111601448092992e-01
7.107100100205887561e-02
4.488027934510152583e-02
2.447174186646650096e-02
1.010467398861791821e-02
1.961605792891507605e-03
1.976196983832778642e-14
2.371436380599334370e-12
1.000000000000000078e-15
8.757439218243234791e-13
8.140155216551647754e-13
1.190159082398167811e-13
1.525446435834965087e-13
1.274536032269679708e-13
2.597255743808091211e-12
1.391109449855321145e-12
1.099120794378904975e-13
3.153033389935444575e-14
2.811084698350896360e-13
1.323430254274171602e-11
1.785238623597251717e-13
4.680700271819659974e-13
2.609024107869117870e-13
8.641976023682218511e-13
9.170442183403793024e-13
2.897682094271658571e-13
2.442490654175344389e-15
1.776356839400250465e-14
1.187050457929217373e-12
3.019806626980425790e-14
