7.449637599939793464e-01
7.346315215423100398e-01
7.185604125255907748e-01
6.966129783605476966e-01
6.686691987728253794e-01
6.346784484949610228e-01
5.947164072509527610e-01
5.490418594737369595e-01
4.981480929270036828e-01
4.710589490556721382e-01
4.171183814688402824e-01
3.607936463279842743e-01
3.033718348918589269e-01
2.463437614165929768e-01
1.913605991296619679e-01
1.401752172734962443e-01
9.457087713903988835e-02
5.628102144773261539e-02
2.690477821919401435e-02
7.823447657799520449e-03
1.235778077822713428e-04
2.398081733190338127e-14
2.478239835568274430e-12
1.466160526319981727e-12
7.971401316808623960e-13
2.309263891220325604e-14
4.241051954068097984e-14
2.797762022055394482e-14
2.087219286295294296e-13
6.705747068735945504e-14
4.567457523307894007e-13
5.624389842751043034e-13
3.108624468950438313e-15
1.958877504648626200e-12
1.554312234475219157e-14
1.000000000000000078e-15
1.110223024625156540e-15
7.105427357601001859e-15
6.623590564913683920e-13
1.332267629550187849e-15
