1.435796867463245974e-01
1.378180344641776189e-01
1.291635288932022618e-01
1.179132421308666245e-01
1.044718441189718128e-01
8.935277821361475858e-02
7.317744572906381695e-02
5.667132370257366158e-02
4.065581287053454673e-02
2.603484322243654336e-02
1.377547870961981502e-02
4.882184183142346257e-03
3.648648387577502206e-04
1.136379879085325229e-11
2.470246229790973302e-12
1.087574474922803347e-12
2.089883821554394672e-12
3.204103649068201776e-13
1.438849039914202876e-13
3.517186542012495920e-13
4.085620730620576069e-14
1.332267629550187849e-14
1.088018564132653410e-14
2.575717417130363174e-14
1.776356839400250465e-15
4.396483177515619900e-14
1.000000000000000078e-15
1.000000000000000078e-15
1.976196983832778642e-14
1.598721155460225418e-14
1.776356839400250465e-15
3.108624468950438313e-15
9.769962616701377556e-15
1.465494392505206633e-14
1.000000000000000078e-15
2.664535259100375697e-15
2.073896609999792418e-13
1.000000000000000078e-15
6.661338147750939243e-15
3.552713678800500929e-15
