3.652022455299008818e-02
3.347974588536228868e-02
2.905700812337019823e-02
2.359004858718283248e-02
1.753132216285535616e-02
1.144231312879107065e-02
5.985065590096372290e-03
1.909756100415105351e-03
3.751543646401955812e-05
1.562194817950057768e-11
2.264854970235319342e-14
3.805844528415036621e-13
3.523803471239261853e-11
9.237055564881302416e-13
1.505462421391712269e-13
3.161915174132445827e-13
2.805311538622845546e-12
1.272759675430279458e-12
1.088906742552353535e-12
3.394395875488953607e-12
1.274536032269679708e-12
1.310063169057684718e-14
2.504663143554353155e-13
3.863576125695544761e-14
1.000000000000000078e-15
6.294076371204937459e-12
3.852473895449293195e-12
5.022648963404208189e-12
7.327471962526033167e-15
4.407585407761871465e-13
8.499867476530198473e-13
7.267519919196274714e-13
1.000000000000000078e-15
1.010080907803967420e-12
9.765521724602876930e-13
6.805667140952209593e-13
4.662936703425657470e-13
1.304734098539483966e-12
1.214583988939921255e-13
1.000000000000000078e-15
