8.856710984739168957e-03
7.421906599844763086e-03
5.462162867795883336e-03
3.296911503788968467e-03
1.350284188877948210e-03
1.432547351938318059e-04
1.426858631248251186e-12
5.031086658391359379e-12
3.401723347451479640e-13
7.147615832536757807e-13
1.942490612805158889e-11
1.267874694121928769e-12
8.495426584431697847e-13
3.330669073875469621e-14
5.688782778179302113e-13
4.511946372076636180e-13
1.336708521648688475e-13
6.790124018607457401e-13
1.823430295644357102e-12
1.000000000000000078e-15
1.554312234475219157e-15
3.330669073875469621e-15
7.549516567451064475e-15
9.325873406851314940e-15
7.105427357601001859e-15
5.329070518200751394e-15
2.664535259100375697e-15
1.998401444325281773e-15
1.000000000000000078e-15
1.000000000000000078e-15
1.000000000000000078e-15
4.884981308350688778e-15
9.303668946358811809e-14
9.570122472268849378e-14
4.707345624410663731e-14
1.256772463875677204e-13
5.817568649035820272e-14
3.552713678800500929e-14
1.314504061156185344e-13
2.708944180085381959e-14
