4.951161343346394128e-01
4.851866685236363441e-01
4.699712556651112205e-01
4.496119194054617463e-01
4.243312850598340846e-01
3.944557906151203719e-01
3.604402638284942562e-01
3.228904496664924961e-01
2.825807325995196573e-01
2.404641476741807837e-01
1.976722222949860441e-01
1.555027534673096845e-01
1.153944046441016669e-01
7.888789627086800760e-02
4.757453299058034268e-02
2.303378963229285592e-02
6.762602890422408919e-03
9.982327668967005962e-05
2.013944566670033964e-13
6.661338147750939243e-15
1.085798118083403097e-13
1.192379528447418124e-13
6.901146321069973055e-13
1.065814103640150279e-14
7.993605777301127091e-15
3.261391157138859853e-12
5.284661597215745132e-14
2.664535259100375697e-15
2.731148640577885089e-13
1.820765760385256726e-14
2.664535259100375697e-15
1.113331649094106979e-12
3.330669073875469621e-15
1.604716359793201264e-12
3.874678355941796326e-13
5.995204332975845318e-15
1.000000000000000078e-15
1.000000000000000078e-15
1.000000000000000078e-15
9.858780458671390079e-14
