9.561182168216220134e-08
7.391420808744442184e-12
1.130651128278259421e-12
2.581934666068264050e-12
7.425748904665852024e-11
4.353539750923118845e-11
3.770361800548016618e-11
2.263744747210694186e-12
1.554312234475219157e-15
4.961142607839974517e-12
3.007460946946594049e-11
4.538591724667639937e-13
4.995559521603354369e-12
1.893152301590816933e-12
1.118150017020980158e-11
1.204369937113369815e-12
7.803979684695150354e-12
3.248734614658133069e-12
1.220357148667972069e-12
7.565059689795816666e-13
1.317390641020210751e-12
1.009858863199042389e-12
7.802647417065600166e-13
4.203304371230842662e-13
2.385203146104686311e-12
2.177369395894857007e-12
1.431077478741826781e-12
4.939826325767171511e-12
2.420952327497616352e-12
3.263389558583185135e-12
6.750155989720951766e-14
1.052491427344648400e-13
2.569056078982612235e-12
4.494182803682633676e-13
3.883338095533872547e-12
1.282529638046980835e-12
6.793454687681332871e-12
2.331468351712828735e-14
4.931610675384945353e-13
1.110223024625156540e-13
