6.224198934035030106e-11
2.244915364713051531e-10
3.907547618808848711e-10
2.377871233250061778e-10
3.220756994437579124e-11
1.820059658541595127e-10
9.294831571082795563e-11
5.688538529113884579e-11
3.481215316014640848e-12
3.421485317289807426e-12
1.262989712813578080e-12
2.611244553918368183e-13
5.460076835106519866e-12
2.457145598100396455e-12
2.374545005068284809e-12
6.099565297290610033e-13
4.320988011841109255e-13
4.294342659250105498e-13
4.376499163072367082e-13
1.719957509749292512e-12
1.435762619905744941e-11
5.023093052614058251e-12
1.485034317738609388e-12
2.205347016115410952e-12
3.499422973618493415e-12
4.064304448547773063e-12
4.123590358062756422e-12
3.696598582791921217e-12
2.962519118909767712e-12
2.144284749761027342e-12
1.415312311792149558e-12
8.575362642204709118e-13
4.711786516509164358e-13
2.293720768875573413e-13
3.188116437513599521e-12
5.724309914967307122e-13
2.073896609999792418e-12
6.807887587001459906e-13
1.802336058176479128e-12
7.016609515630989335e-14
