9.999396273814764591e-01
9.994476465555728328e-01
9.977485084178551178e-01
9.937244290518968404e-01
9.860090021601451982e-01
9.731045841598532364e-01
9.535154085594420570e-01
9.258875225732082770e-01
8.891460566321338632e-01
8.426203375551581942e-01
7.861479433742899481e-01
7.201499422943065110e-01
6.456711971301288822e-01
5.643816573607651765e-01
4.785368868395882824e-01
3.908985515858881543e-01
3.046180741874251474e-01
2.230890025331412341e-01
1.497757007973874455e-01
8.802762441511668978e-02
4.088958482299909214e-02
1.091896935125724610e-02
2.081100095985277676e-05
1.070254995738650905e-13
2.180478020363807445e-12
5.928590951498335926e-14
1.691979889528738568e-13
3.108624468950438313e-15
2.220446049250313081e-15
6.483702463810914196e-14
2.886579864025407005e-15
1.447730824111204129e-13
9.059419880941277370e-14
4.796163466380676255e-14
1.687538997430237941e-14
1.412203687323199119e-13
4.019007349143066676e-14
1.000000000000000078e-15
2.664535259100375697e-15
6.870060076380468672e-13
