5.000000000000000278e-02
8.717948717948717507e-02
1.243589743589743613e-01
1.615384615384615197e-01
1.987179487179487336e-01
2.358974358974358920e-01
2.730769230769230504e-01
3.102564102564102644e-01
3.474358974358974228e-01
3.846153846153845812e-01
4.217948717948717952e-01
4.589743589743589536e-01
4.961538461538461120e-01
5.333333333333333259e-01
5.705128205128205954e-01
6.076923076923077538e-01
6.448717948717949122e-01
6.820512820512820706e-01
7.192307692307692291e-01
7.564102564102564985e-01
7.935897435897436569e-01
8.307692307692308153e-01
8.679487179487179738e-01
9.051282051282051322e-01
9.423076923076922906e-01
9.794871794871795601e-01
1.016666666666666607e+00
1.053846153846153877e+00
1.091025641025641146e+00
1.128205128205128194e+00
1.165384615384615463e+00
1.202564102564102511e+00
1.239743589743589780e+00
1.276923076923077049e+00
1.314102564102564097e+00
1.351282051282051366e+00
1.388461538461538414e+00
1.425641025641025683e+00
1.462820512820512953e+00
1.500000000000000000e+00
