1.562500000000000000e-02
2.551020408163265363e-02
3.539540816326530726e-02
4.528061224489795394e-02
5.516581632653061451e-02
6.505102040816326814e-02
7.493622448979590789e-02
8.482142857142857539e-02
9.470663265306121514e-02
1.045918367346938688e-01
1.144770408163265224e-01
1.243622448979591899e-01
1.342474489795918158e-01
1.441326530612244972e-01
1.540178571428571508e-01
1.639030612244898044e-01
1.737882653061224303e-01
1.836734693877550839e-01
1.935586734693877653e-01
2.034438775510204467e-01
2.133290816326530448e-01
2.232142857142857262e-01
2.330994897959183798e-01
2.429846938775510057e-01
2.528698979591836871e-01
2.627551020408163684e-01
2.726403061224489388e-01
2.825255102040816202e-01
2.924107142857143016e-01
3.022959183673469274e-01
3.121811224489796088e-01
3.220663265306122347e-01
3.319515306122448606e-01
3.418367346938775420e-01
3.517219387755102233e-01
3.616071428571429047e-01
3.714923469387754751e-01
3.813775510204081565e-01
3.912627551020408379e-01
4.011479591836734637e-01
4.110331632653061451e-01
4.209183673469388265e-01
4.308035714285713969e-01
4.406887755102040782e-01
4.505739795918367596e-01
4.604591836734693855e-01
4.703443877551020669e-01
4.802295918367346927e-01
4.901147959183673186e-01
5.000000000000000000e-01
