1.541333135999800596e-03
5.123435009579679900e-11
4.770184247604447592e-12
1.272271177299444389e-11
1.572075802869221661e-13
4.583000645652646199e-13
2.637889906509371940e-13
2.230571283234894508e-11
2.513567132211846911e-11
1.174171870843565557e-12
5.082601006733966642e-13
2.468247828346648021e-12
1.779909553079050966e-12
4.438227563241525786e-12
1.291411422243982088e-12
2.016409261784701812e-11
7.951417302365371143e-13
1.351363465573740541e-12
2.309263891220325604e-14
4.047873147783320746e-13
3.808064974464286934e-13
1.000000000000000078e-15
6.226130722097877879e-13
4.814815213194378885e-12
6.075140390748856589e-13
1.000000000000000078e-15
1.110223024625156540e-15
4.281019982954603620e-13
2.668310017384101229e-12
2.140509991477301810e-13
4.338751580235111760e-13
2.731148640577885089e-13
1.421085471520200372e-13
6.705747068735945504e-14
1.503064339658521931e-11
1.121525095015840634e-11
5.053735208093712572e-12
1.469935284603707260e-12
2.455813330470846267e-13
2.913225216616410762e-13
