2.044281516072166127e-03
1.396078338647521733e-03
6.397917469810332491e-04
8.189883065434777620e-05
8.728795464207905752e-12
6.266320795589308545e-12
8.077982727172638988e-13
2.882138971926906379e-13
5.644595901799220883e-12
8.323564060219723615e-12
4.680700271819659974e-12
2.787103881018992979e-12
1.121991388686183200e-12
1.514788294798563584e-12
1.055155962603748776e-12
6.616929226765932981e-13
4.813927034774678759e-13
2.566835632933361921e-13
1.074695887837151531e-13
7.407408020299044438e-13
2.708944180085381959e-13
3.633093825783362263e-12
2.066347093432341353e-12
7.314149286230531288e-13
7.926992395823617699e-14
3.952393967665557284e-14
4.867217739956686273e-13
1.509903313490212895e-14
1.332267629550187849e-15
1.145750161413161550e-13
4.662936703425657470e-14
1.953992523340275511e-14
8.659739592076221015e-15
1.453059894629404880e-12
1.147526518252561800e-12
6.901146321069973055e-13
4.103384299014578573e-13
1.012523398458142765e-13
3.601563491884007817e-13
1.000000000000000078e-15
