5.000000000000000278e-02
6.794871794871795712e-02
8.589743589743589758e-02
1.038461538461538380e-01
1.217948717948717924e-01
1.397435897435897467e-01
1.576923076923076872e-01
1.756410256410256276e-01
1.935897435897435681e-01
2.115384615384615086e-01
2.294871794871794490e-01
2.474358974358974450e-01
2.653846153846153855e-01
2.833333333333333259e-01
3.012820512820512664e-01
3.192307692307692069e-01
3.371794871794871473e-01
3.551282051282050878e-01
3.730769230769230282e-01
3.910256410256409687e-01
4.089743589743589092e-01
4.269230769230769051e-01
4.448717948717948456e-01
4.628205128205127861e-01
4.807692307692307265e-01
4.987179487179486670e-01
5.166666666666666075e-01
5.346153846153846034e-01
5.525641025641025994e-01
5.705128205128204844e-01
5.884615384615384803e-01
6.064102564102563653e-01
6.243589743589743613e-01
6.423076923076923572e-01
6.602564102564102422e-01
6.782051282051282382e-01
6.961538461538461231e-01
7.141025641025641191e-01
7.320512820512820040e-01
7.500000000000000000e-01
