3.454915028125391530e-01
2.929588449860111021e-01
2.430565941356357396e-01
1.964187460906661187e-01
1.536378232452247916e-01
1.152573467069415436e-01
8.176493099491044525e-02
5.358608901708938888e-02
3.107882603341660666e-02
1.452909128698720576e-02
4.147145089226533798e-03
6.488751431432682182e-05
8.151257446797899320e-12
1.598721155460225418e-14
2.002842336423782399e-13
1.278976924368180335e-13
4.884981308350688778e-13
1.412203687323199119e-13
1.842970220877759857e-14
1.776356839400250465e-15
6.217248937900876626e-15
6.391109863557176141e-12
4.374278717023116769e-14
7.149836278586008120e-14
3.708144902248022845e-14
1.043609643147647148e-14
4.440892098500626162e-15
3.428368700042483397e-13
2.504663143554353155e-13
1.247890679678675951e-13
1.000000000000000078e-15
1.154631945610162802e-14
2.491340467258851277e-13
1.136868377216160297e-13
5.395683899678260786e-14
2.435163182212818356e-12
7.815970093361102045e-14
8.437694987151189707e-14
1.421085471520200372e-14
1.776356839400250465e-15
