9.755282581475810399e-01
9.551197206565250619e-01
9.289289989996256658e-01
8.972888398568947821e-01
8.606012236719313702e-01
8.193322575892049153e-01
7.740062536773737456e-01
7.251990676733452990e-01
6.735307828767074234e-01
6.196578321438435122e-01
5.642646580698712500e-01
5.080550173137293735e-01
4.517430395428350121e-01
3.960441545912227745e-01
3.416660030993738939e-01
2.892994461138543860e-01
2.396097878675460535e-01
1.932283232529298234e-01
1.507443173756721766e-01
1.126975190863190868e-01
7.957130360384057077e-02
5.178653135294497556e-02
2.969620103314507542e-02
1.358096486130533354e-02
3.645562956288261880e-03
1.622214214669348564e-05
2.809086296906571079e-12
2.664535259100375697e-15
2.273736754432320595e-13
4.263256414560601115e-14
2.087219286295294296e-14
1.776356839400250465e-15
1.110223024625156540e-15
1.065814103640150279e-14
1.000000000000000078e-15
1.024957896333944518e-12
2.010391852991233463e-12
5.551115123125782702e-15
3.552713678800500929e-15
1.000000000000000078e-15
