5.449673792285225637e-02
3.178155459512821412e-02
1.501497150841657469e-02
4.410003978932208746e-03
1.013857210713231538e-04
6.131206653492426994e-11
7.388756273485341808e-12
1.372013613831768453e-12
9.388001487309338700e-11
8.912870441690756707e-12
2.065014825802791165e-14
6.894484982922222116e-13
3.894662370385049144e-13
1.849853603630435828e-12
3.608224830031758756e-13
1.160849194548063679e-12
7.351896869067786611e-13
1.948441408217149728e-12
7.438494264988548821e-13
3.179678742526448332e-13
6.554756737386924215e-12
4.840572387365682516e-14
1.217248524199021631e-12
1.660227511024459091e-12
3.427924610832633334e-12
2.908562279912985105e-12
3.937961068345430249e-12
5.843769912416973966e-12
8.021139308311830973e-12
5.978328943001542939e-12
1.260325177554477705e-12
5.580869100185736897e-12
4.196643033083091723e-13
1.995736909066181397e-12
2.179589841944107320e-12
7.112088695748752798e-13
2.442490654175344389e-15
9.656719868189611589e-13
1.727507026316743577e-13
3.838707129943941254e-12
