9.289445217268793575e-01
8.910725895195144020e-01
8.411911528552651340e-01
7.818017153145789822e-01
7.155515332792533600e-01
6.443128472569373821e-01
5.695891380070978727e-01
4.933234755768309832e-01
4.173515570067256597e-01
3.430768712697582767e-01
2.724234648471206555e-01
2.071858209393065975e-01
1.489610891466499609e-01
9.905077501085857161e-02
5.833258413358888284e-02
2.780352689810561273e-02
8.256104318840384870e-03
2.061274898800258271e-04
1.345479283543227211e-11
4.212186155427843914e-12
5.571565431239378086e-11
6.372680161348398542e-14
1.068700683504175686e-12
1.000000000000000078e-15
1.000000000000000078e-15
1.772804125721449964e-12
3.907985046680551022e-14
6.106226635438360972e-14
1.000000000000000078e-15
1.000000000000000078e-15
1.000000000000000078e-15
1.000000000000000078e-15
1.000000000000000078e-15
1.332267629550187849e-15
3.330669073875469621e-15
1.354472090042690979e-14
1.005862060310391826e-13
6.965539256498232135e-13
2.561950651625011233e-12
1.000000000000000078e-15
