9.494706017953452593e-01
9.139415106851209725e-01
8.670476374232427563e-01
8.110260765794171656e-01
7.477269404406774456e-01
6.785921046840941440e-01
6.053522374535768025e-01
5.296936390402282591e-01
4.531734903413053850e-01
3.777594436353395313e-01
3.053472157572145740e-01
2.376795597465682919e-01
1.760335669162808037e-01
1.218123198890486147e-01
7.635502607942412645e-02
4.078081875235040066e-02
1.596088797376382651e-02
2.497613105757134910e-03
3.195195219518609520e-10
5.337730257792827615e-12
2.567923651497494575e-11
6.314948564067890402e-13
9.769962616701377556e-15
1.000000000000000078e-15
5.551115123125782702e-15
1.962874307537276763e-13
1.000000000000000078e-15
8.881784197001252323e-15
8.659739592076221015e-15
3.774758283725532237e-15
1.088018564132653410e-14
2.442490654175344389e-15
1.000000000000000078e-15
7.667866341876106162e-12
1.000000000000000078e-15
1.000000000000000078e-15
5.329070518200751394e-15
2.153832667772803688e-14
5.417888360170763917e-14
5.904166044956582482e-13
