3.284854240061391151e-01
2.930315115046320251e-01
2.483754974238332469e-01
1.985041665063398408e-01
1.477347498615622090e-01
1.002570421857320593e-01
5.969706481572945034e-02
2.875143411747260735e-02
8.798534078028774630e-03
3.004629244045542436e-04
1.132427485117659671e-14
1.554312234475219157e-15
5.261568958303541876e-12
2.937650123158164206e-13
1.287858708565181587e-14
1.000000000000000078e-15
2.623901096399094968e-12
5.773159728050814010e-15
3.353193278599064797e-10
5.346167952779978805e-11
4.645173135031654965e-13
1.000000000000000078e-15
2.728484105318784714e-12
7.824851877558103297e-13
1.000000000000000078e-15
1.000000000000000078e-15
1.000000000000000078e-15
1.000000000000000078e-15
1.000000000000000078e-15
1.000000000000000078e-15
1.000000000000000078e-15
9.729106409395171795e-12
1.000000000000000078e-15
3.330669073875469621e-15
6.883382752675970551e-15
7.327471962526033167e-15
6.439293542825907934e-15
3.108624468950438313e-15
1.000000000000000078e-15
1.110223024625156540e-15
