8.637406788873707164e-01
8.217654218677813427e-01
7.667522733184852779e-01
7.016936873555940091e-01
6.299675408464950888e-01
5.548800907893058909e-01
4.784771076694362968e-01
4.026464302630783365e-01
3.289055658900266188e-01
2.594277604529378056e-01
1.955933555744192587e-01
1.386276946173239377e-01
9.006429862201836833e-02
5.115496077261505459e-02
2.283440435273498270e-02
5.708280685766009555e-03
5.180089246437091788e-09
1.310063169057684718e-14
5.038747197261272959e-11
1.332267629550187849e-15
1.000000000000000078e-15
7.826628234397503547e-12
2.977618152044669841e-13
8.419931418757187203e-13
8.855138844410248566e-13
2.333688797762079048e-12
1.000000000000000078e-15
2.156008704901068995e-11
1.136424288006310235e-12
1.108002578575906227e-12
1.738609256562995142e-13
1.310063169057684718e-13
3.805844528415036621e-13
2.476241434123949148e-12
9.725553695716371294e-14
1.000000000000000078e-15
1.000000000000000078e-15
1.000000000000000078e-15
1.000000000000000078e-15
1.000000000000000078e-15
