4.640388808458956182e-01
4.231881038836784459e-01
3.710200740030052957e-01
3.115525673809097507e-01
2.491821726015304161e-01
1.882473965525534032e-01
1.326100382614402440e-01
8.526083930168337766e-02
4.749059018996792947e-02
2.041964879008084655e-02
4.473208064614042634e-03
4.757676475009020578e-10
1.826760964718232572e-12
7.993605777301127091e-15
2.549915834038074536e-11
5.011546733157956623e-13
3.916200697062777181e-12
3.330669073875469621e-15
1.500644053464839089e-11
1.776356839400250465e-15
6.830314092098888068e-12
4.707345624410663731e-14
1.176836406102665933e-14
1.000000000000000078e-15
1.000000000000000078e-15
1.000000000000000078e-15
2.220446049250313081e-15
8.548717289613705361e-14
5.329070518200751394e-15
1.474376176702207886e-13
2.446931546273845015e-13
7.305267502033530036e-14
1.000000000000000078e-15
1.000000000000000078e-15
4.070077608275823877e-13
9.894307595459395088e-13
2.244870955792066525e-13
7.549516567451064475e-15
1.000000000000000078e-15
7.327471962526033167e-15
