9.612960857044648977e-01
9.277366203265087208e-01
8.833731034288342387e-01
8.299632865466489706e-01
7.688338215974566126e-01
7.014647840089784925e-01
6.293700835056927900e-01
5.541574190463116611e-01
4.777434571627712234e-01
4.020364574411146030e-01
3.286163959665028278e-01
2.590608596337217184e-01
1.950571118401076554e-01
1.381518094494642579e-01
8.971251857465090129e-02
5.089442630428531178e-02
2.261297191829725328e-02
5.522953295209798164e-03
8.058257157994574982e-06
6.439293542825907934e-15
7.993605777301127091e-15
2.074562743814567511e-12
1.065814103640150279e-14
1.000000000000000078e-15
2.262412479581143998e-12
6.217248937900876626e-15
3.996802888650563546e-15
1.512567848749313271e-12
7.853051542383582273e-12
5.053735208093712572e-13
9.103828801926283631e-14
1.931677040545309865e-11
1.000000000000000078e-15
9.364931052857627947e-11
2.833511203448324522e-12
1.000000000000000078e-15
1.000000000000000078e-15
1.000000000000000078e-15
1.000000000000000078e-15
1.000000000000000078e-15
